0.0,0.0,0.0
0.0,0.0,0.0
21.6,23.9,1.1126126050949097
16.2,24.0,1.1126126050949097
20.0,24.0,1.1126126050949097
22.5,24.0,1.0981981754302979
13.2,24.0,1.1063061952590942
17.5,24.0,1.1081080436706543
19.5,24.0,1.1081080436706543
17.5,24.0,1.1081080436706543
15.4,24.0,1.109009027481079
15.4,24.0,1.1081080436706543
13.5,24.0,1.1081080436706543
10.8,24.0,1.109009027481079
15.4,24.0,1.1081080436706543
19.0,24.0,1.1081080436706543
23.8,24.0,1.1081080436706543
19.5,24.0,1.1081080436706543
15.4,24.0,1.109009027481079
15.4,24.0,1.1081080436706543
21.4,24.0,1.1081080436706543
17.5,24.0,1.1081080436706543
21.4,24.0,1.1081080436706543
19.5,24.0,1.1063061952590942
11.1,24.0,1.109009027481079
10.5,24.0,1.1081080436706543
17.5,24.0,1.1081080436706543
5.7,24.0,1.1081080436706543
5.7,24.0,1.1081080436706543
15.4,24.0,1.1081080436706543
23.8,24.0,1.1063061952590942
15.0,24.0,1.1081080436706543
15.0,24.0,1.1081080436706543
10.8,24.0,1.1081080436706543
8.3,24.0,1.1081080436706543
15.4,24.0,1.1081080436706543
15.4,24.0,1.1063061952590942
19.5,24.0,1.1081080436706543
21.4,24.0,1.1063061952590942
10.5,24.0,1.1063061952590942
17.9,24.0,1.1081080436706543
15.0,24.0,1.1081080436706543
17.5,24.0,1.1081080436706543
19.5,24.0,1.1081080436706543
17.5,24.0,1.1081080436706543
19.5,24.0,1.1081080436706543
15.4,24.0,1.1081080436706543
12.8,24.0,1.1081080436706543
10.8,24.0,1.1081080436706543
10.8,24.0,1.1081080436706543
19.5,24.0,1.1081080436706543
21.4,24.0,1.1063061952590942
17.5,24.0,1.1063061952590942
13.2,24.0,1.1063061952590942
8.3,24.0,1.1063061952590942
13.2,24.0,1.1063061952590942
15.4,24.0,1.1081080436706543
12.8,24.0,1.1081080436706543
20.0,24.0,1.1081080436706543
20.9,24.0,1.1081080436706543
19.5,24.0,1.1063061952590942
17.5,24.0,1.1063061952590942
13.2,24.0,1.1081080436706543
15.4,24.0,1.1063061952590942
17.5,24.0,1.1081080436706543
10.5,24.0,1.1081080436706543
21.4,24.0,1.1063061952590942
15.4,24.0,1.1081080436706543
10.8,24.0,1.1063061952590942
17.5,24.0,1.1081080436706543
19.5,24.0,1.1081080436706543
19.5,24.0,1.1081080436706543
19.5,24.0,1.1081080436706543
17.5,24.0,1.1063061952590942
13.2,24.0,1.1081080436706543
15.0,24.0,1.1081080436706543
15.4,24.0,1.1126126050949097
13.2,24.0,1.1126126050949097
19.5,24.0,1.1009008884429932
19.5,24.0,1.1063061952590942
19.5,24.0,1.1126126050949097
17.1,24.0,1.1063061952590942
15.4,24.0,1.109009027481079
10.8,24.0,1.1081080436706543
13.2,24.0,1.109009027481079
10.8,24.0,1.109009027481079
17.5,24.0,1.1081080436706543
17.5,24.0,1.109009027481079
13.2,24.0,1.1081080436706543
17.5,24.0,1.1081080436706543
21.1,24.0,1.109009027481079
13.2,24.0,1.1081080436706543
20.0,24.0,1.1081080436706543
13.2,24.0,1.109009027481079
21.4,24.0,1.1081080436706543
15.4,24.0,1.109009027481079
15.8,24.0,1.109009027481079
13.2,24.0,1.1081080436706543
10.8,24.0,1.109009027481079
21.4,24.0,1.109009027481079
17.5,24.0,1.1081080436706543
12.8,24.0,1.109009027481079
20.0,24.0,1.109009027481079
12.8,24.0,1.109009027481079
10.8,24.0,1.109009027481079
13.2,24.0,1.1081080436706543
17.5,24.0,1.109009027481079
17.5,24.0,1.109009027481079
17.5,24.0,1.109009027481079
10.8,24.0,1.109009027481079
17.5,24.0,1.1108107566833496
17.1,24.0,1.109009027481079
13.2,24.0,1.1108107566833496
19.5,24.0,1.109009027481079
19.5,24.0,1.1108107566833496
19.0,24.0,1.109009027481079
19.0,24.0,1.109009027481079
13.2,24.0,1.1108107566833496
16.2,24.0,1.109009027481079
16.2,24.0,1.109009027481079
13.2,24.0,1.1108107566833496
15.4,24.0,1.109009027481079
19.0,24.0,1.109009027481079
19.5,24.0,1.109009027481079
21.4,24.0,1.1108107566833496
17.5,24.0,1.109009027481079
20.0,24.0,1.099099040031433
18.4,24.0,1.1045044660568237
15.4,24.0,1.1081080436706543
19.5,24.0,1.1063061952590942
13.5,24.0,1.1081080436706543
10.8,24.0,1.1063061952590942
17.5,24.0,1.1063061952590942
20.0,24.0,1.1081080436706543
17.5,24.0,1.1063061952590942
20.0,24.0,1.1063061952590942
10.8,24.0,1.1063061952590942
13.5,24.0,1.1063061952590942
21.4,24.0,1.1063061952590942
15.4,24.0,1.1081080436706543
15.4,24.0,1.1063061952590942
17.1,24.0,1.1063061952590942
23.8,24.0,1.1081080436706543
23.1,24.0,1.1126126050949097
16.7,24.0,1.1126126050949097
22.5,24.0,1.1081080436706543
10.8,24.0,1.109009027481079
15.0,24.0,1.1081080436706543
10.8,24.0,1.109009027481079
21.4,24.0,1.1081080436706543
19.5,24.0,1.109009027481079
13.2,24.0,1.1081080436706543
15.8,24.0,1.109009027481079
20.0,24.0,1.1081080436706543
19.5,24.0,1.109009027481079
10.8,24.0,1.1081080436706543
13.2,24.0,1.1081080436706543
15.4,24.0,1.109009027481079
10.8,24.0,1.1081080436706543
19.5,24.0,1.1081080436706543
21.4,24.0,1.109009027481079
20.5,24.0,1.1081080436706543
15.4,24.0,1.109009027481079
15.0,24.0,1.109009027481079
15.4,24.0,1.109009027481079
19.5,24.0,1.109009027481079
15.4,24.0,1.109009027481079
10.8,24.0,1.109009027481079
20.5,24.0,1.109009027481079
20.0,24.0,1.109009027481079
19.5,24.0,1.109009027481079
17.1,24.0,1.109009027481079
17.9,24.0,1.109009027481079
8.1,24.0,1.109009027481079
10.8,24.0,1.109009027481079
21.4,24.0,1.109009027481079
15.4,24.0,1.109009027481079
15.4,24.0,1.109009027481079
22.7,24.0,1.1108107566833496
19.5,24.0,1.1108107566833496
19.5,24.0,1.1108107566833496
17.5,24.0,1.109009027481079
15.4,24.0,1.1108107566833496
19.5,24.0,1.109009027481079
15.4,24.0,1.109009027481079
15.4,24.0,1.109009027481079
17.5,24.0,1.109009027481079
17.5,24.0,1.109009027481079
15.4,24.0,1.109009027481079
13.2,24.0,1.099099040031433
17.5,24.0,1.0981981754302979
11.4,24.0,1.1009008884429932
22.0,24.0,1.1081080436706543
17.5,24.0,1.1081080436706543
15.4,24.0,1.1081080436706543
15.4,24.0,1.1063061952590942
13.2,24.0,1.1063061952590942
13.2,24.0,1.1063061952590942
15.0,24.0,1.1063061952590942
15.4,24.0,1.1063061952590942
15.4,24.0,1.1063061952590942
13.2,24.0,1.1081080436706543
13.2,24.0,1.1081080436706543
19.0,24.0,1.1045044660568237
19.0,24.0,1.1045044660568237
26.2,24.0,1.1108107566833496
17.5,24.0,1.1126126050949097
17.5,24.0,1.1108107566833496
13.2,24.0,1.109009027481079
13.2,24.0,1.109009027481079
15.4,24.0,1.1108107566833496
15.4,24.0,1.1108107566833496
15.4,24.0,1.1108107566833496
15.4,24.0,1.109009027481079
15.4,24.0,1.109009027481079
13.2,24.0,1.109009027481079
13.2,24.0,1.109009027481079
15.4,24.0,1.1108107566833496
8.1,24.0,1.109009027481079
8.1,24.0,1.109009027481079
21.1,23.7,1.1126126050949097
21.1,23.7,1.1126126050949097
13.2,23.7,1.1063061952590942
22.0,23.7,1.1063061952590942
22.0,23.7,1.1063061952590942
28.9,23.7,1.1063061952590942
20.0,23.7,1.1081080436706543
15.8,23.7,1.1081080436706543
18.4,23.7,1.1081080436706543
22.0,23.8,1.1063061952590942
22.5,23.7,1.1063061952590942
23.8,23.8,1.1063061952590942
20.0,23.7,1.1063061952590942
17.9,23.8,1.1063061952590942
23.8,23.8,1.1063061952590942
15.8,23.8,1.1081080436706543
25.6,23.7,1.1063061952590942
16.2,23.7,1.1063061952590942
27.3,23.7,1.1063061952590942
20.0,23.7,1.1063061952590942
17.9,23.7,1.1063061952590942
29.5,23.7,1.1081080436706543
21.6,23.7,1.1081080436706543
15.8,23.7,1.1063061952590942
11.1,23.7,1.1081080436706543
15.8,23.7,1.1063061952590942
11.1,23.7,1.1063061952590942
20.0,23.7,1.1063061952590942
13.5,23.7,1.1063061952590942
22.0,23.7,1.1063061952590942
27.3,23.8,1.1063061952590942
20.0,23.8,1.1081080436706543
20.0,23.8,1.1063061952590942
18.4,23.8,1.1063061952590942
15.4,23.8,1.1045044660568237
11.4,23.8,1.1063061952590942
22.0,23.8,1.1063061952590942
18.4,23.8,1.1081080436706543
23.7,23.8,1.1063061952590942
13.5,23.8,1.1063061952590942
22.0,23.8,1.1063061952590942
23.8,23.8,1.1063061952590942
16.2,23.8,1.1063061952590942
22.0,23.8,1.1081080436706543
20.0,23.8,1.1063061952590942
13.5,23.8,1.1063061952590942
22.0,23.8,1.1063061952590942
23.3,23.8,1.1063061952590942
17.9,23.8,1.1063061952590942
22.0,23.8,1.1063061952590942
20.0,23.8,1.1045044660568237
15.8,23.8,1.1063061952590942
25.0,23.8,1.1081080436706543
23.7,23.8,1.1081080436706543
20.5,23.8,1.1081080436706543
22.0,23.8,1.1063061952590942
23.8,23.8,1.1063061952590942
11.1,23.8,1.1063061952590942
17.9,23.8,1.1063061952590942
24.4,23.8,1.1063061952590942
25.6,23.8,1.1045044660568237
23.1,23.8,1.1063061952590942
30.2,23.8,1.1063061952590942
15.8,23.8,1.1063061952590942
15.8,23.8,1.1081080436706543
15.8,23.8,1.1045044660568237
18.4,23.8,1.1063061952590942
15.8,23.7,1.1063061952590942
23.8,23.8,1.1063061952590942
23.1,23.8,1.1081080436706543
16.7,23.8,1.1063061952590942
10.8,23.8,1.1081080436706543
22.5,23.8,1.1063061952590942
22.0,23.8,1.1045044660568237
26.2,23.8,1.1045044660568237
25.6,23.8,1.1063061952590942
20.0,23.8,1.1063061952590942
19.4,23.8,1.1063061952590942
24.4,23.8,1.1063061952590942
25.6,23.8,1.1081080436706543
15.8,23.8,1.1081080436706543
15.8,23.8,1.1063061952590942
13.5,23.8,1.1063061952590942
13.5,23.8,1.1081080436706543
17.9,23.7,1.1081080436706543
17.9,23.7,1.1063061952590942
31.0,23.8,1.1063061952590942
22.0,23.7,1.1063061952590942
13.5,23.8,1.1081080436706543
16.2,23.8,1.1063061952590942
22.0,23.8,1.1063061952590942
16.2,23.8,1.1063061952590942
13.5,23.8,1.1081080436706543
13.5,23.8,1.1081080436706543
31.7,23.8,1.1081080436706543
23.8,23.8,1.1063061952590942
23.8,23.8,1.1081080436706543
24.4,23.8,1.1081080436706543
20.0,23.8,1.1081080436706543
13.5,23.8,1.1063061952590942
17.9,23.8,1.1081080436706543
22.5,23.8,1.1081080436706543
17.9,23.8,1.1063061952590942
22.0,23.8,1.1081080436706543
31.1,23.8,1.1063061952590942
23.8,23.9,1.1063061952590942
25.0,23.9,1.1081080436706543
21.4,23.9,1.1081080436706543
17.9,23.9,1.1081080436706543
22.5,23.9,1.1081080436706543
15.4,23.9,1.1081080436706543
13.2,23.9,1.1081080436706543
8.6,23.9,1.1081080436706543
15.4,23.9,1.1081080436706543
23.3,23.9,1.1009008884429932
17.5,23.9,1.099099040031433
22.0,23.9,1.1027026176452637
20.5,23.9,1.1063061952590942
12.8,23.9,1.1063061952590942
17.9,23.9,1.1063061952590942
13.2,23.9,1.1063061952590942
17.9,23.9,1.1063061952590942
19.5,23.9,1.1045044660568237
19.5,23.9,1.1063061952590942
19.5,23.9,1.1063061952590942
13.2,23.9,1.1045044660568237
8.3,23.9,1.1081080436706543
15.4,23.9,1.1045044660568237
21.4,23.9,1.1063061952590942
21.4,23.9,1.1063061952590942
19.5,23.9,1.1063061952590942
19.5,23.9,1.1063061952590942
13.2,23.9,1.1045044660568237
15.4,23.9,1.1045044660568237
21.4,23.9,1.1063061952590942
17.1,23.9,1.1063061952590942
17.5,23.9,1.1063061952590942
19.5,23.9,1.1063061952590942
15.4,23.9,1.1045044660568237
12.8,23.9,1.1063061952590942
21.4,23.9,1.1063061952590942
15.4,23.9,1.1063061952590942
19.5,23.9,1.1063061952590942
17.1,23.9,1.1063061952590942
17.5,23.9,1.1045044660568237
15.4,23.9,1.1063061952590942
15.4,23.9,1.1045044660568237
17.5,23.9,1.1063061952590942
10.5,23.9,1.1045044660568237
15.4,23.9,1.1063061952590942
13.2,23.9,1.1045044660568237
17.5,23.9,1.1063061952590942
13.2,23.9,1.1045044660568237
17.5,23.9,1.1063061952590942
13.2,23.9,1.1063061952590942
17.5,23.9,1.1045044660568237
19.0,23.9,1.1045044660568237
21.4,23.9,1.1045044660568237
15.4,23.9,1.1045044660568237
17.5,23.9,1.1126126050949097
13.2,23.9,1.1009008884429932
15.4,23.9,1.1027026176452637
13.2,23.9,1.1126126050949097
15.4,23.9,1.109009027481079
25.0,23.9,1.1063061952590942
15.4,23.9,1.1063061952590942
17.5,23.9,1.1063061952590942
15.4,23.9,1.1063061952590942
15.4,23.9,1.1063061952590942
15.4,23.9,1.1081080436706543
15.8,23.9,1.1063061952590942
15.4,23.9,1.1063061952590942
10.5,23.9,1.1081080436706543
15.4,23.9,1.1063061952590942
10.8,23.9,1.1063061952590942
19.5,23.9,1.1081080436706543
15.4,23.9,1.1081080436706543
23.3,23.9,1.1063061952590942
15.4,23.9,1.1063061952590942
15.4,23.9,1.1063061952590942
10.5,23.9,1.1081080436706543
13.2,23.9,1.109009027481079
17.5,23.9,1.1081080436706543
19.5,23.9,1.1081080436706543
15.0,23.9,1.1081080436706543
10.8,23.9,1.1081080436706543
15.4,23.9,1.1081080436706543
17.5,23.9,1.1081080436706543
21.4,23.9,1.1081080436706543
15.0,23.9,1.1081080436706543
19.5,23.9,1.1081080436706543
17.5,23.9,1.1081080436706543
19.5,23.9,1.1081080436706543
13.2,23.9,1.1081080436706543
15.4,23.9,1.109009027481079
19.5,23.9,1.109009027481079
13.2,23.9,1.1081080436706543
15.4,23.9,1.1081080436706543
15.4,23.9,1.109009027481079
15.4,23.9,1.109009027481079
31.8,23.9,1.109009027481079
13.2,23.9,1.1081080436706543
25.0,23.9,1.109009027481079
13.2,23.9,1.1081080436706543
15.4,23.9,1.1081080436706543
25.0,23.9,1.1081080436706543
15.4,23.9,1.1081080436706543
13.2,23.9,1.1063061952590942
15.4,23.9,1.099099040031433
13.2,23.9,1.0981981754302979
25.0,23.9,1.099099040031433
19.5,23.9,1.1063061952590942
10.8,23.9,1.1081080436706543
10.8,23.9,1.1063061952590942
17.5,23.9,1.1063061952590942
17.5,23.9,1.1045044660568237
13.2,23.9,1.1045044660568237
19.5,23.9,1.1063061952590942
15.4,23.9,1.1045044660568237
17.5,23.9,1.1063061952590942
19.5,23.9,1.1063061952590942
21.4,23.9,1.1045044660568237
13.2,23.9,1.1045044660568237
10.8,23.9,1.1045044660568237
17.5,23.9,1.1063061952590942
13.2,23.9,1.1063061952590942
20.5,23.9,1.1045044660568237
19.5,23.9,1.1045044660568237
21.4,23.9,1.1045044660568237
17.5,23.9,1.1063061952590942
19.5,23.9,1.1045044660568237
17.5,23.9,1.1045044660568237
17.5,23.9,1.1063061952590942
18.4,23.9,1.1081080436706543
27.3,23.9,1.1045044660568237
15.4,23.9,1.1063061952590942
13.2,23.9,1.1063061952590942
17.5,23.9,1.1045044660568237
21.4,23.9,1.1045044660568237
19.5,23.9,1.1045044660568237
19.5,23.9,1.1045044660568237
23.8,23.9,1.1081080436706543
23.8,23.9,1.1045044660568237
17.5,23.9,1.1063061952590942
13.2,23.9,1.1045044660568237
17.5,23.9,1.1063061952590942
15.4,23.9,1.1045044660568237
21.4,23.9,1.1063061952590942
21.4,23.9,1.1045044660568237
15.8,23.9,1.1108107566833496
23.1,23.9,1.1108107566833496
17.9,23.9,1.1081080436706543
17.5,23.9,1.1063061952590942
17.5,23.9,1.1063061952590942
17.5,23.9,1.1063061952590942
19.5,23.9,1.1063061952590942
17.5,23.9,1.1063061952590942
19.5,23.9,1.1081080436706543
13.9,23.9,1.1081080436706543
11.1,23.9,1.1063061952590942
21.4,23.9,1.1063061952590942
13.2,23.9,1.1063061952590942
17.5,23.9,1.1063061952590942
15.4,23.9,1.1063061952590942
19.5,23.9,1.1063061952590942
17.5,23.9,1.1081080436706543
15.8,23.9,1.1081080436706543
15.4,23.9,1.1081080436706543
10.8,23.9,1.1081080436706543
15.4,23.9,1.1081080436706543
17.5,23.9,1.1063061952590942
15.4,23.9,1.1081080436706543
19.0,23.9,1.1063061952590942
17.5,23.9,1.1081080436706543
21.4,23.9,1.1081080436706543
17.5,23.9,1.1081080436706543
20.9,23.9,1.1081080436706543
15.4,23.9,1.1081080436706543
15.4,23.9,1.1081080436706543
17.5,23.9,1.1081080436706543
15.4,23.9,1.1081080436706543
15.4,23.9,1.109009027481079
27.9,23.9,1.1081080436706543
10.8,23.9,1.1081080436706543
17.5,23.9,1.1081080436706543
15.4,23.9,1.109009027481079
15.0,23.9,1.109009027481079
17.5,23.9,1.1081080436706543
21.4,23.9,1.109009027481079
17.5,23.9,1.1081080436706543
17.1,23.9,1.1081080436706543
10.8,23.9,1.1081080436706543
23.3,23.9,1.1081080436706543
10.8,23.9,1.109009027481079
21.4,23.9,1.1081080436706543
20.9,23.9,1.1081080436706543
10.8,23.9,1.1081080436706543
10.8,23.9,1.0963963270187378
17.5,23.9,1.0981981754302979
21.4,23.9,1.1045044660568237
19.5,23.9,1.1045044660568237
15.4,23.9,1.1063061952590942
12.8,23.9,1.1045044660568237
15.4,23.9,1.1063061952590942
10.8,23.9,1.1045044660568237
21.4,23.9,1.1108107566833496
15.8,23.9,1.1081080436706543
17.9,23.9,1.109009027481079
15.8,23.9,1.109009027481079
15.0,23.9,1.109009027481079
15.4,23.9,1.109009027481079
26.2,23.9,1.109009027481079
15.4,23.9,1.109009027481079
23.3,23.9,1.109009027481079
19.5,23.9,1.109009027481079
15.4,23.9,1.1081080436706543
15.0,23.9,1.109009027481079
25.0,23.9,1.109009027481079
15.4,23.9,1.109009027481079
20.0,24.0,1.1081080436706543
18.4,24.0,1.1063061952590942
8.6,24.0,1.1045044660568237
13.5,24.0,1.1045044660568237
17.9,24.0,1.1045044660568237
20.0,24.0,1.1045044660568237
23.8,24.0,1.1045044660568237
25.6,24.0,1.1063061952590942
15.8,24.0,1.1045044660568237
27.3,24.0,1.1063061952590942
17.9,24.0,1.1063061952590942
15.8,24.0,1.1045044660568237
13.5,23.9,1.1045044660568237
15.8,23.9,1.1045044660568237
20.5,23.9,1.1045044660568237
20.5,23.9,1.1045044660568237
20.5,23.9,1.1045044660568237
15.8,23.9,1.1045044660568237
26.2,23.9,1.1063061952590942
26.2,23.9,1.1063061952590942
27.3,23.9,1.1045044660568237
23.8,23.9,1.1045044660568237
20.0,23.9,1.1045044660568237
27.5,23.9,1.1081080436706543
18.4,23.9,1.1045044660568237
16.2,23.9,1.1045044660568237
15.8,23.8,1.1045044660568237
17.9,23.9,1.1045044660568237
23.8,23.8,1.1045044660568237
19.5,23.9,1.1045044660568237
11.1,23.9,1.1045044660568237
24.4,23.9,1.1063061952590942
27.5,23.9,1.1063061952590942
17.9,23.8,1.1045044660568237
20.0,23.9,1.1045044660568237
20.5,23.9,1.1045044660568237
20.0,23.8,1.1045044660568237
13.5,23.9,1.1045044660568237
25.6,23.9,1.1045044660568237
31.8,23.9,1.1063061952590942
24.4,23.9,1.1045044660568237
20.0,23.8,1.1045044660568237
15.8,23.9,1.1045044660568237
17.9,23.9,1.1045044660568237
25.0,23.9,1.1045044660568237
15.4,23.8,1.1027026176452637
13.5,23.9,1.1045044660568237
25.0,23.9,1.1063061952590942
20.5,23.9,1.1045044660568237
13.5,23.9,1.1045044660568237
17.9,23.9,1.1063061952590942
15.8,23.9,1.1045044660568237
17.9,23.8,1.1063061952590942
25.6,23.9,1.1045044660568237
20.0,23.9,1.1045044660568237
30.0,23.8,1.1063061952590942
16.2,23.8,1.1045044660568237
15.8,23.9,1.1045044660568237
27.9,23.9,1.1045044660568237
20.0,23.9,1.1045044660568237
17.9,23.9,1.1063061952590942
18.4,23.9,1.1045044660568237
18.4,23.9,1.1045044660568237
11.1,23.9,1.1045044660568237
26.2,23.9,1.1045044660568237
17.9,23.9,1.1045044660568237
22.5,23.9,1.1045044660568237
20.0,23.9,1.1063061952590942
24.4,23.9,1.1045044660568237
18.4,23.9,1.1045044660568237
21.6,23.9,1.1063061952590942
22.0,23.9,1.1045044660568237
16.2,23.9,1.1045044660568237
20.0,23.9,1.1045044660568237
22.0,23.9,1.1045044660568237
22.0,23.9,1.1045044660568237
17.9,23.9,1.1045044660568237
13.5,23.9,1.1063061952590942
18.4,23.9,1.1063061952590942
32.6,23.9,1.1045044660568237
18.4,23.9,1.1045044660568237
20.0,23.9,1.1045044660568237
20.0,23.9,1.1045044660568237
16.2,23.9,1.1063061952590942
13.9,23.9,1.1081080436706543
13.5,23.9,1.1081080436706543
20.0,23.9,1.1081080436706543
13.5,23.9,1.1063061952590942
20.0,23.9,1.1063061952590942
22.5,23.9,1.1081080436706543
27.3,23.9,1.1063061952590942
15.8,23.9,1.1045044660568237
20.5,23.9,1.1063061952590942
20.5,23.9,1.1081080436706543
31.8,23.9,1.1063061952590942
23.8,23.9,1.1063061952590942
22.0,23.9,1.1045044660568237
15.8,23.9,1.1045044660568237
18.4,23.9,1.1045044660568237
22.0,23.9,1.1063061952590942
20.0,23.9,1.1063061952590942
20.5,23.9,1.1063061952590942
21.1,23.9,1.1063061952590942
13.5,23.9,1.1063061952590942
20.0,23.9,1.1045044660568237
22.0,23.9,1.1063061952590942
20.0,23.9,1.1045044660568237
20.0,23.9,1.1063061952590942
23.8,23.9,1.1063061952590942
23.1,23.9,1.1063061952590942
28.6,23.9,1.1063061952590942
23.8,23.9,1.1045044660568237
22.0,23.9,1.1063061952590942
17.9,23.9,1.1045044660568237
13.9,23.9,1.1063061952590942
22.0,23.9,1.1045044660568237
20.0,23.9,1.1045044660568237
20.5,23.9,1.1063061952590942
22.0,23.9,1.1063061952590942
15.8,23.9,1.1063061952590942
19.5,23.9,1.1045044660568237
10.8,23.9,1.1063061952590942
17.5,23.9,1.1081080436706543
13.2,23.9,1.1063061952590942
15.4,23.9,1.099099040031433
19.5,23.9,1.0963963270187378
10.8,23.9,1.1009008884429932
15.4,23.9,1.1045044660568237
15.4,23.9,1.1063061952590942
17.5,23.9,1.1045044660568237
17.5,23.9,1.1045044660568237
10.8,23.9,1.1045044660568237
25.0,23.9,1.1063061952590942
25.0,23.9,1.1063061952590942
22.5,23.9,1.1045044660568237
15.4,23.9,1.1045044660568237
19.0,23.9,1.1045044660568237
13.2,23.9,1.1027026176452637
13.2,23.9,1.1027026176452637
12.8,23.9,1.1045044660568237
13.2,23.9,1.1045044660568237
15.4,23.9,1.1045044660568237
13.2,23.9,1.1045044660568237
15.4,23.9,1.1027026176452637
13.2,23.9,1.1063061952590942
17.5,23.9,1.1045044660568237
17.5,23.9,1.1045044660568237
19.5,23.9,1.1045044660568237
19.5,23.9,1.1045044660568237
21.1,23.9,1.1045044660568237
19.5,23.9,1.1045044660568237
23.3,23.9,1.1045044660568237
15.4,23.9,1.1045044660568237
17.5,23.9,1.1045044660568237
20.0,23.9,1.1045044660568237
17.5,23.9,1.109009027481079
25.0,23.9,1.1027026176452637
10.8,23.9,1.0981981754302979
19.5,23.9,1.109009027481079
15.8,23.9,1.1063061952590942
15.8,23.9,1.1063061952590942
10.8,23.9,1.1063061952590942
25.0,23.9,1.1063061952590942
21.4,23.9,1.1063061952590942
24.4,23.9,1.1045044660568237
19.5,23.9,1.1045044660568237
15.4,23.9,1.1045044660568237
19.5,23.9,1.1063061952590942
17.5,23.9,1.1063061952590942
17.5,23.9,1.1063061952590942
8.3,23.9,1.1063061952590942
15.4,23.9,1.1045044660568237
23.1,23.9,1.1063061952590942
20.9,23.9,1.1063061952590942
13.2,23.9,1.1063061952590942
17.5,23.9,1.1063061952590942
13.2,23.9,1.1063061952590942
10.8,23.9,1.1081080436706543
19.5,23.9,1.1063061952590942
21.4,23.9,1.1081080436706543
19.5,23.9,1.1081080436706543
13.2,23.9,1.1081080436706543
13.2,23.9,1.1081080436706543
23.7,23.9,1.1063061952590942
13.2,23.9,1.1081080436706543
19.5,23.9,1.1081080436706543
10.8,23.9,1.1081080436706543
15.4,23.9,1.1063061952590942
19.5,23.9,1.1081080436706543
23.3,23.9,1.1081080436706543
17.5,23.9,1.1081080436706543
23.3,23.9,1.1081080436706543
17.5,23.9,1.1063061952590942
17.1,23.9,1.1081080436706543
21.4,23.9,1.1063061952590942
13.2,23.9,1.1063061952590942
13.2,23.9,1.1081080436706543
21.4,23.9,1.1081080436706543
25.0,23.9,1.0963963270187378
25.0,23.9,1.099099040031433
15.4,23.9,1.1045044660568237
17.5,23.9,1.1045044660568237
13.2,23.9,1.1045044660568237
21.4,23.9,1.1045044660568237
21.4,23.9,1.1045044660568237
23.3,23.9,1.1045044660568237
13.2,23.9,1.1045044660568237
13.2,23.9,1.1045044660568237
18.4,23.9,1.1063061952590942
25.6,23.9,1.1045044660568237
17.5,23.9,1.1027026176452637
17.9,23.9,1.1045044660568237
13.2,23.9,1.1045044660568237
13.2,23.9,1.1045044660568237
15.4,23.9,1.109009027481079
21.4,23.9,1.1081080436706543
24.4,23.9,1.109009027481079
20.0,23.9,1.1045044660568237
13.2,23.9,1.1045044660568237
10.8,23.9,1.1045044660568237
17.5,23.9,1.1045044660568237
17.5,23.9,1.1045044660568237
15.4,23.9,1.1063061952590942
21.4,23.9,1.1063061952590942
15.8,23.9,1.1045044660568237
19.5,23.9,1.1063061952590942
26.7,23.9,1.1045044660568237
20.9,23.9,1.1063061952590942
25.6,23.9,1.1045044660568237
13.2,23.9,1.1045044660568237
15.4,23.9,1.1063061952590942
24.4,23.9,1.1081080436706543
15.4,23.9,1.1045044660568237
13.2,23.9,1.1045044660568237
17.5,23.9,1.1063061952590942
19.5,23.9,1.1063061952590942
15.4,23.9,1.1063061952590942
17.5,23.9,1.1063061952590942
10.8,23.9,1.1063061952590942
18.4,23.9,1.1081080436706543
26.7,23.9,1.1063061952590942
15.4,23.9,1.1081080436706543
15.4,23.9,1.1063061952590942
21.4,23.9,1.1063061952590942
19.5,23.9,1.1081080436706543
15.4,23.9,1.1063061952590942
15.4,23.9,1.1081080436706543
15.4,23.9,1.1081080436706543
23.3,23.9,1.1081080436706543
23.3,23.9,1.1063061952590942
8.6,23.9,1.1063061952590942
15.4,23.9,1.1081080436706543
19.5,23.9,1.1063061952590942
19.5,23.9,1.1081080436706543
19.5,23.9,1.1063061952590942
30.2,23.9,1.1081080436706543
30.2,23.9,1.1063061952590942
17.1,23.9,1.1063061952590942
10.8,23.9,1.1063061952590942
10.8,23.9,1.1063061952590942
19.5,23.9,1.0963963270187378
12.8,23.9,1.1045044660568237
12.8,23.9,1.1045044660568237
17.5,23.9,1.1045044660568237
17.5,23.9,1.1045044660568237
17.5,23.9,1.1045044660568237
17.1,23.9,1.1045044660568237
19.5,23.9,1.1045044660568237
17.5,23.9,1.1045044660568237
13.2,23.9,1.1045044660568237
13.2,23.9,1.1027026176452637
13.2,23.9,1.1027026176452637
17.5,23.9,1.1045044660568237
15.0,23.9,1.1063061952590942
19.5,23.9,1.1045044660568237
17.5,23.9,1.1045044660568237
17.5,23.9,1.1045044660568237
15.4,23.9,1.1045044660568237
15.4,23.9,1.1045044660568237
19.5,23.9,1.1045044660568237
15.4,23.9,1.1045044660568237
19.5,23.9,1.1045044660568237
12.8,23.9,1.1045044660568237
12.8,23.9,1.1045044660568237
20.5,23.9,1.1027026176452637
23.3,23.9,1.1045044660568237
15.0,23.9,1.1027026176452637
19.5,23.9,1.1027026176452637
17.9,23.9,1.1045044660568237
21.4,23.9,1.1027026176452637
17.5,23.9,1.1045044660568237
22.0,23.9,1.1027026176452637
18.4,23.9,1.1027026176452637
19.5,23.9,1.1027026176452637
17.5,23.9,1.1045044660568237
13.2,23.9,1.1027026176452637
15.4,23.9,1.1027026176452637
13.2,23.9,1.1045044660568237
10.8,23.9,1.1027026176452637
13.2,23.9,1.1045044660568237
17.5,23.9,1.1027026176452637
19.5,23.9,1.1045044660568237
19.5,23.9,1.1045044660568237
17.5,23.9,1.1045044660568237
19.5,23.9,1.1027026176452637
17.5,23.9,1.1027026176452637
11.1,23.9,1.1045044660568237
26.2,23.9,1.1027026176452637
19.5,23.9,1.1027026176452637
8.3,23.9,1.1027026176452637
15.4,23.9,1.1045044660568237
15.8,23.9,1.1027026176452637
19.0,23.9,1.1045044660568237
22.0,23.9,1.1027026176452637
19.5,23.9,1.1027026176452637
8.3,23.9,1.109009027481079
8.6,23.9,1.1081080436706543
17.9,23.9,1.1081080436706543
15.8,23.9,1.1081080436706543
15.4,23.9,1.1081080436706543
17.5,23.9,1.1081080436706543
20.5,23.9,1.1081080436706543
24.4,23.9,1.1081080436706543
17.5,23.9,1.1081080436706543
13.2,23.9,1.1081080436706543
22.0,23.9,1.1081080436706543
15.4,23.9,1.109009027481079
13.2,23.9,1.109009027481079
13.5,23.9,1.1081080436706543
17.5,23.9,1.1081080436706543
21.4,23.9,1.1081080436706543
18.4,24.0,1.1027026176452637
18.4,24.0,1.1027026176452637
25.6,24.0,1.1045044660568237
21.4,24.0,1.1045044660568237
11.1,24.0,1.1027026176452637
23.1,24.0,1.1045044660568237
20.5,24.0,1.1063061952590942
27.3,24.0,1.1045044660568237
13.5,23.9,1.1027026176452637
22.0,24.0,1.1027026176452637
17.9,23.9,1.1027026176452637
17.9,24.0,1.1027026176452637
18.4,24.0,1.1027026176452637
22.0,24.0,1.1045044660568237
26.2,23.9,1.1045044660568237
23.1,24.0,1.1027026176452637
11.1,23.9,1.1027026176452637
28.9,23.9,1.1027026176452637
20.0,24.0,1.1027026176452637
13.5,23.9,1.1045044660568237
24.4,24.0,1.1027026176452637
22.0,24.0,1.1045044660568237
23.1,23.9,1.1027026176452637
24.4,24.0,1.1027026176452637
22.5,23.9,1.1027026176452637
20.0,24.0,1.1027026176452637
15.8,23.9,1.1027026176452637
23.8,24.0,1.1027026176452637
15.8,23.9,1.1027026176452637
22.0,23.9,1.1027026176452637
13.5,23.9,1.1045044660568237
23.3,23.9,1.1027026176452637
22.0,23.9,1.1045044660568237
23.8,24.0,1.1045044660568237
15.8,23.9,1.1027026176452637
20.0,24.0,1.1027026176452637
16.2,23.9,1.1045044660568237
28.6,23.9,1.1045044660568237
18.4,23.9,1.1027026176452637
22.0,23.9,1.1027026176452637
22.5,23.9,1.1045044660568237
17.9,23.8,1.1027026176452637
25.6,23.8,1.1027026176452637
22.0,23.8,1.1027026176452637
15.8,23.8,1.1045044660568237
21.6,23.8,1.1045044660568237
26.2,23.8,1.1027026176452637
15.8,23.8,1.1045044660568237
22.5,23.8,1.1027026176452637
15.8,23.8,1.1027026176452637
22.5,23.8,1.1045044660568237
23.8,23.8,1.1027026176452637
26.2,23.8,1.1027026176452637
24.3,23.8,1.1045044660568237
22.5,23.8,1.1045044660568237
25.6,23.8,1.1027026176452637
15.8,23.8,1.1045044660568237
24.4,23.8,1.1027026176452637
17.9,23.8,1.1027026176452637
8.6,23.8,1.1027026176452637
22.5,23.8,1.1045044660568237
25.6,23.8,1.1045044660568237
15.8,23.8,1.1045044660568237
13.5,23.8,1.1027026176452637
22.5,23.8,1.1045044660568237
15.8,23.8,1.1009008884429932
15.8,23.8,1.1045044660568237
20.5,23.8,1.1045044660568237
25.6,23.8,1.1027026176452637
20.0,23.8,1.1045044660568237
11.1,23.8,1.1027026176452637
11.1,23.8,1.1045044660568237
11.1,23.8,1.1027026176452637
20.0,23.8,1.1027026176452637
22.0,23.8,1.1045044660568237
20.0,23.8,1.1027026176452637
13.5,23.8,1.1045044660568237
23.1,23.8,1.1027026176452637
25.6,23.8,1.1027026176452637
21.4,23.8,1.1027026176452637
22.0,23.8,1.1045044660568237
22.0,23.8,1.1027026176452637
15.8,23.8,1.1027026176452637
27.3,23.8,1.1027026176452637
26.2,23.8,1.1081080436706543
23.1,23.8,1.1063061952590942
17.9,23.8,1.1045044660568237
15.8,23.8,1.1045044660568237
15.8,23.8,1.1045044660568237
20.0,23.8,1.1045044660568237
17.9,23.8,1.1027026176452637
17.9,23.8,1.1027026176452637
15.8,23.8,1.1045044660568237
17.9,23.8,1.1045044660568237
13.5,23.8,1.1045044660568237
20.0,23.8,1.1045044660568237
17.9,23.8,1.1027026176452637
8.6,23.8,1.1045044660568237
19.5,23.8,1.1045044660568237
17.9,23.8,1.1045044660568237
15.8,23.8,1.1045044660568237
17.9,23.8,1.1045044660568237
13.5,23.8,1.1045044660568237
23.8,23.8,1.1045044660568237
16.2,23.8,1.1045044660568237
25.6,23.8,1.1045044660568237
24.4,23.8,1.1063061952590942
22.0,23.8,1.1063061952590942
13.5,23.8,1.1045044660568237
15.8,23.8,1.1045044660568237
15.8,23.8,1.1027026176452637
13.5,23.8,1.1027026176452637
13.5,23.8,1.1045044660568237
13.5,23.8,1.1045044660568237
22.0,23.8,1.1045044660568237
23.8,23.8,1.1045044660568237
20.0,23.8,1.1045044660568237
11.1,23.8,1.1063061952590942
20.0,23.8,1.1063061952590942
22.0,23.8,1.1045044660568237
18.4,23.8,1.1045044660568237
17.5,23.8,1.1045044660568237
13.2,23.8,1.1045044660568237
10.8,23.8,1.1045044660568237
10.8,23.8,1.1063061952590942
13.2,23.8,1.1045044660568237
15.4,23.8,1.1045044660568237
8.3,23.8,1.1045044660568237
20.0,23.8,1.1063061952590942
15.4,23.8,1.0963963270187378
13.2,23.8,1.1009008884429932
13.2,23.8,1.1027026176452637
13.2,23.8,1.1045044660568237
15.4,23.8,1.1027026176452637
13.2,23.8,1.1045044660568237
19.5,23.8,1.1027026176452637
18.4,23.8,1.1027026176452637
20.5,23.8,1.1045044660568237
17.5,23.8,1.1045044660568237
15.0,23.8,1.1027026176452637
19.5,23.8,1.1027026176452637
15.4,23.8,1.1027026176452637
17.5,23.8,1.1027026176452637
19.0,23.8,1.1027026176452637
10.8,23.8,1.1045044660568237
13.5,23.8,1.1009008884429932
21.4,23.8,1.1045044660568237
17.5,23.8,1.1045044660568237
13.2,23.8,1.1027026176452637
23.3,23.8,1.1027026176452637
19.5,23.8,1.1027026176452637
10.8,23.8,1.1045044660568237
10.8,23.8,1.1045044660568237
17.5,23.8,1.1027026176452637
23.1,23.8,1.1009008884429932
22.0,23.8,1.1027026176452637
15.4,23.8,1.1027026176452637
17.5,23.8,1.1027026176452637
8.6,23.8,1.1027026176452637
15.4,23.8,1.1027026176452637
13.2,23.8,1.1045044660568237
17.5,23.8,1.1027026176452637
17.5,23.8,1.1063061952590942
15.4,23.8,1.0981981754302979
8.3,23.8,1.1009008884429932
17.5,23.8,1.1063061952590942
15.8,23.8,1.1045044660568237
17.5,23.8,1.1045044660568237
23.3,23.8,1.1045044660568237
21.4,23.8,1.1045044660568237
21.4,23.8,1.1045044660568237
15.4,23.8,1.1027026176452637
17.5,23.8,1.1045044660568237
22.0,23.8,1.1045044660568237
16.2,23.8,1.1045044660568237
15.4,23.8,1.1027026176452637
10.8,23.8,1.1045044660568237
15.4,23.8,1.1045044660568237
8.3,23.8,1.1045044660568237
13.2,23.8,1.1063061952590942
17.1,23.8,1.1027026176452637
20.0,23.8,1.1045044660568237
22.5,23.8,1.1063061952590942
10.5,23.8,1.1027026176452637
17.5,23.8,1.1063061952590942
17.5,23.8,1.1045044660568237
19.5,23.8,1.1063061952590942
19.5,23.8,1.1063061952590942
20.0,23.8,1.1063061952590942
15.4,23.8,1.1063061952590942
15.4,23.8,1.1081080436706543
17.5,23.8,1.1063061952590942
19.5,23.8,1.1063061952590942
17.9,23.8,1.1063061952590942
17.5,23.8,1.1081080436706543
19.5,23.8,1.1063061952590942
15.4,23.8,1.1063061952590942
17.5,23.8,1.1045044660568237
17.5,23.8,1.1063061952590942
13.2,23.8,1.1063061952590942
13.2,23.8,1.1063061952590942
15.4,23.8,1.1045044660568237
21.4,23.8,1.1063061952590942
17.5,23.8,1.1063061952590942
13.2,23.8,1.0981981754302979
21.4,23.8,1.0945944786071777
8.3,23.8,1.1027026176452637
8.3,23.8,1.1027026176452637
17.9,23.8,1.1045044660568237
15.4,23.8,1.1045044660568237
17.5,23.8,1.1045044660568237
15.4,23.8,1.1045044660568237
23.3,23.8,1.1045044660568237
10.8,23.8,1.1027026176452637
17.5,23.8,1.1027026176452637
13.2,23.8,1.1045044660568237
17.5,23.8,1.1045044660568237
19.5,23.8,1.1027026176452637
15.4,23.8,1.1027026176452637
15.4,23.8,1.1045044660568237
19.5,23.8,1.1027026176452637
17.1,23.8,1.1027026176452637
19.5,23.8,1.1027026176452637
15.4,23.8,1.1045044660568237
19.5,23.8,1.1045044660568237
13.2,23.8,1.1027026176452637
17.5,23.8,1.1045044660568237
10.8,23.8,1.1027026176452637
17.1,23.8,1.1045044660568237
21.4,23.8,1.1027026176452637
17.5,23.8,1.1045044660568237
13.2,23.8,1.1009008884429932
20.5,23.8,1.1045044660568237
23.8,23.8,1.1009008884429932
10.8,23.8,1.1045044660568237
15.4,23.8,1.1045044660568237
13.2,23.8,1.1045044660568237
19.5,23.8,1.1045044660568237
17.5,23.8,1.1027026176452637
21.4,23.8,1.1045044660568237
22.5,23.8,1.1045044660568237
19.5,23.8,1.1045044660568237
15.4,23.8,1.1045044660568237
17.5,23.8,1.1027026176452637
17.5,23.8,1.1045044660568237
15.4,23.8,1.1081080436706543
15.8,23.8,1.1081080436706543
10.8,23.8,1.1045044660568237
17.5,23.8,1.1045044660568237
8.3,23.8,1.1045044660568237
21.4,23.8,1.1063061952590942
13.2,23.8,1.1045044660568237
15.4,23.8,1.1045044660568237
21.4,23.8,1.1045044660568237
15.4,23.8,1.1045044660568237
24.4,23.8,1.1063061952590942
15.8,23.8,1.1027026176452637
19.5,23.8,1.1045044660568237
13.2,23.8,1.1045044660568237
15.4,23.8,1.1027026176452637
13.2,23.8,1.1045044660568237
10.8,23.8,1.1045044660568237
15.4,23.8,1.1045044660568237
18.4,23.8,1.1063061952590942
23.8,23.8,1.1063061952590942
15.0,23.8,1.1045044660568237
17.5,23.8,1.1063061952590942
15.4,23.8,1.1045044660568237
15.4,23.8,1.1063061952590942
19.5,23.8,1.1063061952590942
10.8,23.8,1.1063061952590942
17.5,23.8,1.1063061952590942
13.2,23.8,1.1045044660568237
15.0,23.8,1.1063061952590942
19.5,23.8,1.1063061952590942
15.4,23.8,1.1063061952590942
15.4,23.8,1.1063061952590942
19.5,23.8,1.1063061952590942
17.5,23.8,1.1063061952590942
10.8,23.8,1.1063061952590942
17.1,23.8,1.1045044660568237
15.4,23.8,1.1045044660568237
15.4,23.8,1.1063061952590942
15.4,23.8,1.1063061952590942
17.5,23.8,1.1063061952590942
17.5,23.8,1.1063061952590942
26.1,23.8,1.1081080436706543
15.4,23.8,1.0981981754302979
13.2,23.8,1.0963963270187378
13.2,23.8,1.1009008884429932
10.8,23.8,1.1027026176452637
13.2,23.8,1.1027026176452637
17.5,23.8,1.1045044660568237
21.1,23.8,1.1045044660568237
21.1,23.8,1.1045044660568237
15.0,23.8,1.1045044660568237
17.5,23.8,1.1045044660568237
19.5,23.8,1.1045044660568237
19.5,23.8,1.1027026176452637
17.5,23.8,1.1009008884429932
8.3,23.8,1.1027026176452637
10.8,23.8,1.1027026176452637
20.5,23.8,1.1027026176452637
15.4,23.8,1.1045044660568237
19.5,23.8,1.1045044660568237
17.5,23.8,1.1027026176452637
13.2,23.8,1.1027026176452637
15.4,23.8,1.1027026176452637
17.5,23.8,1.1027026176452637
10.8,23.8,1.1081080436706543
21.4,23.8,1.1009008884429932
15.4,23.8,1.0963963270187378
22.0,23.8,1.1081080436706543
15.4,23.8,1.1063061952590942
15.4,23.8,1.1045044660568237
15.4,23.8,1.1045044660568237
21.4,23.8,1.1027026176452637
18.4,23.8,1.1045044660568237
15.4,23.8,1.1045044660568237
17.5,23.8,1.1045044660568237
15.4,23.8,1.1045044660568237
19.5,23.8,1.1027026176452637
17.5,23.8,1.1027026176452637
17.1,23.8,1.1045044660568237
21.4,23.8,1.1045044660568237
23.3,23.8,1.1063061952590942
17.5,23.8,1.1045044660568237
19.5,23.8,1.1027026176452637
10.5,23.8,1.1045044660568237
10.5,23.8,1.1045044660568237
15.4,23.8,1.1045044660568237
22.7,23.8,1.1027026176452637
17.5,23.8,1.1045044660568237
13.2,23.8,1.1045044660568237
15.0,23.8,1.1045044660568237
15.4,23.8,1.1063061952590942
17.5,23.8,1.1063061952590942
19.0,23.8,1.1045044660568237
11.1,23.8,1.1063061952590942
19.0,23.8,1.1045044660568237
17.5,23.8,1.1063061952590942
10.8,23.8,1.1081080436706543
15.4,23.8,1.1063061952590942
17.5,23.8,1.1045044660568237
19.0,23.8,1.1063061952590942
8.3,23.8,1.1045044660568237
8.3,23.8,1.0981981754302979
15.4,23.8,1.0963963270187378
19.5,23.8,1.1009008884429932
13.2,23.8,1.1027026176452637
23.3,23.8,1.1027026176452637
17.1,23.8,1.1027026176452637
15.4,23.8,1.1027026176452637
15.4,23.8,1.1027026176452637
15.4,23.8,1.1009008884429932
15.4,23.8,1.1027026176452637
15.4,23.8,1.1027026176452637
21.4,23.8,1.1027026176452637
17.5,23.8,1.1027026176452637
17.5,23.8,1.1027026176452637
19.5,23.8,1.1009008884429932
17.1,23.8,1.1081080436706543
13.2,23.8,1.1063061952590942
19.5,23.8,1.1045044660568237
13.2,23.8,1.1045044660568237
21.4,23.8,1.1027026176452637
19.5,23.8,1.1027026176452637
17.5,23.8,1.1045044660568237
17.5,23.8,1.1027026176452637
21.4,23.8,1.1027026176452637
19.5,23.8,1.1045044660568237
15.4,23.8,1.1027026176452637
15.4,23.8,1.1027026176452637
15.4,23.8,1.1027026176452637
17.1,23.8,1.1027026176452637
13.2,23.8,1.1045044660568237
13.2,23.8,1.1027026176452637
17.5,23.8,1.1027026176452637
19.5,23.8,1.1045044660568237
19.5,23.8,1.1027026176452637
17.5,23.8,1.1027026176452637
26.2,23.8,1.1063061952590942
13.5,23.8,1.1063061952590942
19.5,23.8,1.1045044660568237
19.0,23.8,1.1063061952590942
13.2,23.8,1.1027026176452637
15.4,23.8,1.1063061952590942
17.5,23.8,1.1045044660568237
15.4,23.8,1.1045044660568237
27.9,23.8,1.1045044660568237
19.5,23.8,1.1045044660568237
8.1,23.8,1.1045044660568237
19.5,23.8,1.1027026176452637
19.5,23.8,1.1045044660568237
19.5,23.8,1.1063061952590942
13.5,23.8,1.1063061952590942
15.4,23.8,1.1045044660568237
19.5,23.8,1.1063061952590942
23.3,23.8,1.1063061952590942
17.5,23.8,1.1063061952590942
19.5,23.8,1.1045044660568237
15.4,23.8,1.1045044660568237
17.5,23.8,1.1045044660568237
13.2,23.8,1.1063061952590942
23.3,23.8,1.0963963270187378
23.3,23.8,1.0945944786071777
