0.0,0.0,0.0
26.2,23.6,1.1108107566833496
25.6,23.6,1.1108107566833496
17.9,23.6,1.1108107566833496
17.5,23.6,1.1126126050949097
10.5,23.6,1.0981981754302979
15.4,23.6,1.1045044660568237
19.5,23.6,1.1081080436706543
13.2,23.6,1.1081080436706543
13.2,23.6,1.1081080436706543
15.4,23.6,1.1081080436706543
10.5,23.6,1.1063061952590942
15.4,23.6,1.1063061952590942
21.4,23.6,1.1063061952590942
10.8,23.6,1.1081080436706543
13.2,23.6,1.1063061952590942
13.2,23.6,1.1063061952590942
23.3,23.6,1.1063061952590942
17.5,23.6,1.1081080436706543
12.8,23.6,1.1063061952590942
12.8,23.6,1.1063061952590942
15.4,23.6,1.1063061952590942
12.8,23.6,1.1063061952590942
15.4,23.6,1.1063061952590942
19.5,23.6,1.1063061952590942
10.8,23.6,1.1063061952590942
22.5,23.6,1.1063061952590942
15.4,23.6,1.1045044660568237
13.2,23.6,1.1063061952590942
15.4,23.6,1.1063061952590942
12.8,23.6,1.1063061952590942
21.4,23.6,1.1063061952590942
17.5,23.6,1.1063061952590942
17.5,23.6,1.1063061952590942
10.8,23.6,1.1063061952590942
12.8,23.6,1.1045044660568237
15.4,23.6,1.1045044660568237
17.5,23.6,1.1045044660568237
25.0,23.6,1.1063061952590942
17.5,23.6,1.1045044660568237
21.4,23.6,1.1063061952590942
15.8,23.6,1.1063061952590942
19.5,23.6,1.1045044660568237
21.4,23.6,1.1063061952590942
13.2,23.6,1.1045044660568237
12.8,23.6,1.1063061952590942
15.4,23.6,1.1063061952590942
15.4,23.6,1.1063061952590942
19.5,23.6,1.1045044660568237
10.5,23.6,1.1063061952590942
13.2,23.6,1.1045044660568237
17.5,23.6,1.1045044660568237
19.0,23.6,1.1063061952590942
25.0,23.6,1.1063061952590942
17.1,23.6,1.1045044660568237
15.8,23.6,1.1063061952590942
21.4,23.6,1.1063061952590942
15.4,23.6,1.1045044660568237
25.0,23.6,1.1045044660568237
10.8,23.6,1.1081080436706543
17.9,23.6,1.1045044660568237
17.5,23.6,1.1045044660568237
20.5,23.6,1.1045044660568237
17.9,23.6,1.1045044660568237
13.2,23.6,1.1045044660568237
15.8,23.6,1.1045044660568237
21.4,23.6,1.1063061952590942
10.8,23.6,1.1045044660568237
19.5,23.6,1.1063061952590942
17.5,23.6,1.1063061952590942
21.4,23.6,1.1045044660568237
17.5,23.6,1.1063061952590942
13.2,23.6,1.1063061952590942
15.4,23.6,1.1027026176452637
21.4,23.6,1.1063061952590942
21.4,23.6,1.1063061952590942
13.5,23.6,1.1063061952590942
8.1,23.6,1.1063061952590942
15.4,23.6,1.1063061952590942
17.5,23.6,1.1045044660568237
15.4,23.6,1.1045044660568237
13.2,23.6,1.1045044660568237
19.5,23.6,1.1063061952590942
15.4,23.6,1.1045044660568237
13.2,23.6,1.1063061952590942
17.5,23.6,1.1063061952590942
10.8,23.6,1.1045044660568237
10.8,23.6,1.1063061952590942
8.3,23.6,1.1063061952590942
17.5,23.6,1.1045044660568237
26.8,23.6,1.1045044660568237
19.5,23.6,1.1045044660568237
21.1,23.6,1.1063061952590942
17.5,23.6,1.1045044660568237
15.4,23.6,1.1063061952590942
10.8,23.6,1.1045044660568237
20.0,23.6,1.1045044660568237
12.8,23.6,1.1045044660568237
11.1,23.6,1.1045044660568237
21.4,23.6,1.1063061952590942
13.2,23.6,1.1063061952590942
19.5,23.6,1.1063061952590942
25.0,23.6,1.1063061952590942
17.5,23.6,1.1045044660568237
10.8,23.6,1.1045044660568237
15.4,23.6,1.1045044660568237
17.5,23.6,1.1045044660568237
17.5,23.6,1.1045044660568237
19.5,23.6,1.1045044660568237
13.2,23.6,1.1045044660568237
19.5,23.6,1.1045044660568237
13.2,23.6,1.1063061952590942
17.5,23.6,1.1045044660568237
17.5,23.6,1.1063061952590942
22.0,23.6,1.1063061952590942
17.5,23.6,1.1045044660568237
13.2,23.6,1.1027026176452637
13.2,23.6,1.1045044660568237
17.5,23.6,1.1063061952590942
13.2,23.6,1.1063061952590942
8.3,23.6,1.1063061952590942
17.5,23.6,1.1063061952590942
15.4,23.6,1.1063061952590942
17.5,23.6,1.1045044660568237
13.2,23.6,1.1063061952590942
13.2,23.6,1.1063061952590942
19.5,23.6,1.1045044660568237
21.4,23.6,1.1045044660568237
22.5,23.6,1.1063061952590942
15.4,23.6,1.1063061952590942
19.5,23.6,1.1045044660568237
13.2,23.6,1.1045044660568237
25.0,23.6,1.1063061952590942
12.8,23.6,1.1045044660568237
13.2,23.6,1.1045044660568237
11.1,23.6,1.1045044660568237
18.4,23.6,1.1009008884429932
17.5,23.6,1.1045044660568237
20.9,23.6,1.1045044660568237
8.3,23.6,1.1045044660568237
21.4,23.6,1.1108107566833496
15.4,23.6,1.1009008884429932
17.5,23.6,1.099099040031433
13.5,23.6,1.1027026176452637
22.5,23.6,1.109009027481079
15.4,23.6,1.1045044660568237
17.5,23.6,1.1063061952590942
8.1,23.6,1.1063061952590942
19.5,23.6,1.1063061952590942
23.3,23.6,1.1063061952590942
10.8,23.6,1.1063061952590942
15.4,23.6,1.1063061952590942
19.5,23.6,1.1063061952590942
10.8,23.6,1.1063061952590942
15.4,23.6,1.1063061952590942
23.8,23.6,1.1063061952590942
15.0,23.6,1.1081080436706543
19.5,23.6,1.1063061952590942
19.5,23.6,1.1063061952590942
15.4,23.6,1.1063061952590942
15.8,23.6,1.1063061952590942
17.1,23.6,1.1063061952590942
21.4,23.6,1.1081080436706543
13.9,23.6,1.1081080436706543
15.4,23.6,1.1063061952590942
17.5,23.6,1.1081080436706543
8.3,23.6,1.1081080436706543
13.2,23.6,1.1081080436706543
17.5,23.6,1.1063061952590942
10.8,23.6,1.1063061952590942
13.2,23.6,1.1063061952590942
15.4,23.6,1.1081080436706543
13.2,23.6,1.1081080436706543
13.2,23.6,1.1081080436706543
15.0,23.6,1.1081080436706543
15.0,23.6,1.1081080436706543
15.4,23.6,1.1081080436706543
15.4,23.6,1.1081080436706543
17.5,23.6,1.1063061952590942
10.5,23.6,1.1081080436706543
10.5,23.6,1.1063061952590942
15.0,23.6,1.1063061952590942
15.0,23.6,1.1063061952590942
17.5,23.6,1.1063061952590942
21.4,23.6,1.1081080436706543
13.2,23.6,1.1063061952590942
13.2,23.6,1.1063061952590942
13.2,23.6,1.1063061952590942
13.2,23.6,1.1045044660568237
13.2,23.6,1.1045044660568237
19.5,23.6,1.1063061952590942
17.5,23.6,1.1045044660568237
17.5,23.6,1.1045044660568237
19.5,23.6,1.1063061952590942
19.5,23.6,1.1063061952590942
17.5,23.6,1.1045044660568237
17.5,23.6,1.1045044660568237
15.4,23.6,1.1045044660568237
21.4,23.6,1.1045044660568237
21.4,23.6,1.1045044660568237
19.5,23.6,1.1045044660568237
15.8,23.6,1.1063061952590942
15.8,23.6,1.1063061952590942
13.2,23.6,1.1027026176452637
21.4,23.6,1.1045044660568237
17.5,23.6,1.1045044660568237
17.5,23.6,1.1045044660568237
10.8,23.6,1.1063061952590942
10.8,23.6,1.1045044660568237
22.5,23.6,1.1045044660568237
20.0,23.6,1.1045044660568237
10.5,23.6,1.1045044660568237
13.5,23.6,1.1063061952590942
21.4,23.6,1.1045044660568237
21.4,23.6,1.1045044660568237
17.5,23.6,1.1045044660568237
13.2,23.6,1.1045044660568237
20.5,23.6,1.1063061952590942
15.4,23.6,1.1045044660568237
22.0,23.6,1.1045044660568237
15.4,23.6,1.1045044660568237
23.3,23.6,1.1045044660568237
15.4,23.6,1.1045044660568237
13.2,23.6,1.1063061952590942
19.5,23.6,1.1045044660568237
13.5,23.6,1.1045044660568237
23.3,23.6,1.109009027481079
15.4,23.6,1.1063061952590942
21.4,23.6,1.1063061952590942
17.5,23.6,1.1063061952590942
13.2,23.6,1.1045044660568237
13.2,23.6,1.1063061952590942
13.2,23.6,1.1063061952590942
17.5,23.6,1.1045044660568237
21.4,23.6,1.1063061952590942
17.5,23.6,1.1063061952590942
13.2,23.6,1.1063061952590942
15.4,23.6,1.1045044660568237
17.5,23.6,1.1063061952590942
22.0,23.6,1.1063061952590942
17.5,23.6,1.1063061952590942
15.4,23.6,1.1045044660568237
19.5,23.6,1.1063061952590942
19.5,23.6,1.1063061952590942
19.5,23.6,1.1045044660568237
23.3,23.6,1.1063061952590942
10.8,23.6,1.1045044660568237
21.4,23.6,1.1063061952590942
21.4,23.6,1.1063061952590942
21.4,23.6,1.1063061952590942
15.4,23.6,1.1045044660568237
23.3,23.6,1.1081080436706543
10.8,23.6,1.1081080436706543
17.5,23.6,1.1063061952590942
17.5,23.6,1.1063061952590942
15.4,23.6,1.1081080436706543
13.2,23.6,1.1063061952590942
23.3,23.6,1.109009027481079
10.8,23.6,1.1081080436706543
15.4,23.6,1.1081080436706543
13.2,23.6,1.1081080436706543
15.4,23.6,1.1063061952590942
15.4,23.6,1.0963963270187378
23.3,23.6,1.1009008884429932
17.5,23.6,1.109009027481079
41.5,23.9,1.1045044660568237
42.1,24.0,1.1081080436706543
39.5,24.1,1.1063061952590942
43.9,24.2,1.1063061952590942
42.5,24.2,1.1063061952590942
42.1,24.3,1.1081080436706543
39.5,24.3,1.1081080436706543
39.5,24.3,1.1081080436706543
43.6,24.3,1.1081080436706543
37.8,24.4,1.1081080436706543
47.6,24.5,1.1081080436706543
42.5,24.6,1.1081080436706543
45.2,24.8,1.1081080436706543
43.6,24.8,1.1081080436706543
39.5,24.9,1.1081080436706543
39.5,24.9,1.1063061952590942
43.6,25.0,1.1063061952590942
45.2,25.1,1.1081080436706543
46.3,25.1,1.1063061952590942
43.6,25.2,1.1063061952590942
46.3,25.2,1.1081080436706543
46.3,25.2,1.1081080436706543
25.0,25.2,1.109009027481079
26.8,25.3,1.109009027481079
18.4,25.3,1.1063061952590942
22.0,25.3,1.1081080436706543
23.8,25.3,1.1081080436706543
15.8,25.3,1.1081080436706543
13.2,25.3,1.1081080436706543
15.4,25.3,1.109009027481079
20.0,25.3,1.1081080436706543
17.5,25.3,1.109009027481079
17.5,25.3,1.109009027481079
15.4,25.3,1.1108107566833496
13.2,25.3,1.1081080436706543
26.2,25.3,1.109009027481079
22.5,25.3,1.1081080436706543
21.4,25.3,1.1063061952590942
8.3,25.3,1.1081080436706543
13.2,25.3,1.1081080436706543
17.5,25.3,1.1081080436706543
15.8,25.3,1.1063061952590942
21.4,25.3,1.1081080436706543
21.4,25.3,1.1081080436706543
17.5,25.3,1.1081080436706543
17.5,25.3,1.109009027481079
17.5,25.3,1.1081080436706543
13.2,25.3,1.1081080436706543
17.5,25.3,1.1063061952590942
15.4,25.3,1.1081080436706543
13.2,25.3,1.1081080436706543
19.5,25.1,1.1063061952590942
23.1,25.2,1.109009027481079
25.0,25.2,1.1081080436706543
17.9,25.2,1.1063061952590942
21.4,25.2,1.1063061952590942
17.5,25.2,1.1081080436706543
13.5,25.2,1.1081080436706543
23.3,25.1,1.1063061952590942
22.0,25.1,1.1081080436706543
19.5,25.1,1.1063061952590942
23.1,25.1,1.1081080436706543
13.5,25.2,1.1081080436706543
22.0,25.2,1.1081080436706543
13.2,25.2,1.1063061952590942
13.5,25.2,1.1063061952590942
15.4,25.2,1.1063061952590942
22.0,25.2,1.1081080436706543
21.4,25.2,1.1081080436706543
13.2,25.2,1.1081080436706543
8.6,25.2,1.1081080436706543
13.2,25.2,1.1081080436706543
21.4,25.2,1.1081080436706543
15.8,25.2,1.1081080436706543
15.4,25.2,1.1081080436706543
15.8,25.2,1.1081080436706543
13.2,25.2,1.1063061952590942
17.5,25.2,1.1063061952590942
19.5,25.2,1.1081080436706543
13.5,25.2,1.1081080436706543
22.0,25.2,1.1081080436706543
17.5,25.2,1.1063061952590942
17.9,25.2,1.1063061952590942
10.8,25.2,1.1063061952590942
19.5,25.2,1.1063061952590942
20.0,25.2,1.1081080436706543
21.4,25.2,1.1081080436706543
20.0,25.2,1.1081080436706543
13.2,25.2,1.1081080436706543
13.5,25.2,1.1081080436706543
23.3,25.2,1.1081080436706543
13.5,25.2,1.1081080436706543
20.0,25.2,1.1081080436706543
19.5,25.2,1.1063061952590942
17.9,25.2,1.1063061952590942
17.5,25.2,1.1081080436706543
20.0,25.2,1.1063061952590942
21.4,25.2,1.1081080436706543
17.9,25.2,1.1063061952590942
17.5,25.2,1.1045044660568237
17.9,25.2,1.1027026176452637
13.5,25.2,1.1045044660568237
19.5,25.2,1.1027026176452637
15.8,25.2,1.1045044660568237
15.4,25.2,1.1045044660568237
22.0,25.2,1.1045044660568237
8.6,25.2,1.1045044660568237
15.4,25.2,1.1045044660568237
22.0,25.2,1.1027026176452637
17.9,25.2,1.1027026176452637
15.4,25.2,1.1027026176452637
17.9,25.2,1.1045044660568237
17.5,25.2,1.1027026176452637
15.8,25.2,1.1045044660568237
17.5,25.2,1.1027026176452637
15.8,25.2,1.1045044660568237
19.5,25.2,1.1027026176452637
22.0,25.2,1.1045044660568237
21.4,25.2,1.1045044660568237
15.8,25.2,1.1045044660568237
15.8,25.2,1.1027026176452637
13.5,25.2,1.1045044660568237
13.2,25.2,1.1045044660568237
23.8,25.2,1.1045044660568237
17.5,25.2,1.1027026176452637
15.8,25.2,1.1045044660568237
27.9,25.2,1.1045044660568237
26.8,25.2,1.1027026176452637
15.4,25.2,1.1027026176452637
22.0,25.2,1.1045044660568237
13.5,25.2,1.1045044660568237
13.2,25.2,1.1045044660568237
22.5,25.2,1.1045044660568237
22.0,25.2,1.1027026176452637
17.9,25.2,1.1045044660568237
10.8,25.2,1.1045044660568237
23.8,25.2,1.1045044660568237
21.4,25.2,1.1045044660568237
17.5,25.2,1.1027026176452637
17.9,25.2,1.1045044660568237
13.2,25.2,1.1045044660568237
13.5,25.2,1.1045044660568237
15.8,25.2,1.1045044660568237
13.2,25.2,1.1045044660568237
23.8,25.2,1.1045044660568237
17.5,25.2,1.1027026176452637
17.5,25.2,1.1045044660568237
25.0,25.2,1.1063061952590942
23.1,25.2,1.1045044660568237
24.4,25.2,1.1027026176452637
13.2,25.2,1.1045044660568237
13.5,25.2,1.1045044660568237
15.4,25.2,1.1027026176452637
8.6,25.2,1.1045044660568237
10.8,25.3,1.1027026176452637
23.8,25.3,1.1045044660568237
26.8,25.2,1.1045044660568237
15.8,25.3,1.1045044660568237
17.9,25.3,1.1027026176452637
19.5,25.3,1.1027026176452637
20.0,25.3,1.1045044660568237
25.6,25.3,1.1045044660568237
15.4,25.3,1.1027026176452637
11.1,25.3,1.1045044660568237
10.8,25.3,1.1045044660568237
17.9,25.3,1.1045044660568237
17.9,25.3,1.1045044660568237
17.5,25.3,1.1045044660568237
23.8,25.3,1.1045044660568237
15.8,25.3,1.1045044660568237
15.8,25.3,1.1045044660568237
17.5,25.3,1.1045044660568237
17.9,25.3,1.1027026176452637
13.2,25.3,1.1045044660568237
11.1,25.3,1.1045044660568237
25.6,25.3,1.1045044660568237
13.2,25.3,1.1045044660568237
20.0,25.3,1.1045044660568237
17.5,25.3,1.1045044660568237
17.9,25.3,1.1027026176452637
13.2,25.3,1.1027026176452637
13.2,25.3,1.1045044660568237
13.2,25.3,1.1063061952590942
11.1,25.3,1.1081080436706543
17.5,25.3,1.1081080436706543
22.0,25.3,1.1045044660568237
15.8,25.3,1.1027026176452637
23.3,25.3,1.1045044660568237
11.1,25.3,1.1045044660568237
19.5,25.3,1.1045044660568237
10.8,25.3,1.1045044660568237
15.4,25.3,1.1045044660568237
23.1,25.3,1.1045044660568237
3.0,25.3,1.1045044660568237
19.5,25.3,1.1045044660568237
10.8,25.3,1.1045044660568237
15.8,25.3,1.1027026176452637
15.8,25.3,1.1045044660568237
19.5,25.3,1.1045044660568237
11.1,25.3,1.1063061952590942
21.4,25.3,1.1063061952590942
17.9,25.3,1.1027026176452637
13.2,25.3,1.1045044660568237
21.4,25.3,1.1045044660568237
13.5,25.3,1.1045044660568237
17.5,25.3,1.1063061952590942
13.2,25.3,1.1045044660568237
13.5,25.3,1.1063061952590942
15.4,25.3,1.1045044660568237
21.4,25.3,1.1045044660568237
22.0,25.3,1.1045044660568237
17.9,25.3,1.1045044660568237
10.8,25.3,1.1045044660568237
20.0,25.3,1.1063061952590942
15.8,25.3,1.1063061952590942
19.4,25.3,1.1063061952590942
13.5,25.4,1.1045044660568237
15.4,25.4,1.1045044660568237
21.4,25.4,1.1063061952590942
8.6,25.4,1.1063061952590942
23.3,25.4,1.1045044660568237
13.2,25.4,1.1063061952590942
15.8,25.4,1.1063061952590942
13.9,25.4,1.1045044660568237
15.4,25.4,1.1045044660568237
13.9,25.4,1.0963963270187378
15.4,25.4,1.0945944786071777
13.5,25.4,1.099099040031433
36.6,25.4,1.1009008884429932
36.8,25.4,1.1009008884429932
46.5,25.4,1.1009008884429932
37.8,25.4,1.1009008884429932
41.0,25.4,1.1009008884429932
41.0,25.4,1.1009008884429932
40.5,25.4,1.099099040031433
42.5,25.4,1.1009008884429932
37.8,25.4,1.099099040031433
42.5,25.4,1.099099040031433
38.9,25.4,1.099099040031433
45.2,25.4,1.099099040031433
46.3,25.4,1.0981981754302979
41.0,25.4,1.099099040031433
40.5,25.4,1.1009008884429932
39.5,25.4,1.099099040031433
45.0,25.4,1.0981981754302979
42.5,25.4,1.099099040031433
42.1,25.4,1.1009008884429932
45.0,25.4,1.1027026176452637
34.1,25.4,1.1027026176452637
13.2,23.9,1.1027026176452637
13.2,23.9,1.1027026176452637
21.4,23.9,1.1045044660568237
13.2,23.9,1.1045044660568237
17.5,23.9,1.1027026176452637
15.4,23.9,1.1009008884429932
13.2,23.9,1.1027026176452637
15.4,23.9,1.1027026176452637
25.0,23.9,1.1027026176452637
23.3,23.9,1.1027026176452637
15.4,23.9,1.1027026176452637
5.7,23.9,1.1027026176452637
15.4,23.9,1.1045044660568237
13.2,23.9,1.1009008884429932
17.5,23.9,1.1027026176452637
21.4,23.9,1.1027026176452637
22.5,23.9,1.1027026176452637
22.0,23.9,1.1027026176452637
19.5,23.9,1.1027026176452637
15.4,23.9,1.1027026176452637
23.3,23.9,1.1027026176452637
15.0,23.9,1.1027026176452637
10.8,23.9,1.1009008884429932
8.3,23.9,1.1009008884429932
15.8,23.9,1.1027026176452637
19.5,23.9,1.1009008884429932
15.4,23.9,1.1027026176452637
15.4,23.9,1.1027026176452637
19.5,23.9,1.1027026176452637
19.5,23.9,1.1009008884429932
13.2,23.9,1.1027026176452637
13.2,23.9,1.1027026176452637
10.8,23.9,1.1027026176452637
17.5,23.9,1.1027026176452637
10.8,23.9,1.1027026176452637
21.4,23.9,1.1027026176452637
15.4,23.9,1.1045044660568237
17.5,23.9,1.1027026176452637
15.4,23.9,1.1027026176452637
13.2,23.9,1.1027026176452637
13.2,23.9,1.1027026176452637
17.5,23.9,1.1027026176452637
10.8,23.9,1.1027026176452637
15.4,23.9,1.1009008884429932
19.5,23.9,1.1027026176452637
17.5,23.9,1.1027026176452637
20.5,23.9,1.1027026176452637
29.8,23.9,1.1027026176452637
15.4,23.9,1.1027026176452637
13.2,23.9,1.1027026176452637
10.8,23.9,1.1027026176452637
13.2,23.9,1.1027026176452637
22.7,23.9,1.1027026176452637
21.4,23.9,1.1027026176452637
23.1,23.9,1.1027026176452637
13.2,23.9,1.1027026176452637
19.5,23.9,1.1009008884429932
17.5,23.9,1.1027026176452637
19.5,23.9,1.1027026176452637
17.1,23.9,1.1045044660568237
17.5,23.9,1.1009008884429932
15.4,23.9,1.1027026176452637
21.4,23.9,1.1045044660568237
15.8,23.9,1.1027026176452637
17.5,23.9,1.1027026176452637
19.5,23.9,1.1027026176452637
19.0,23.9,1.1009008884429932
17.5,23.9,1.1027026176452637
8.3,23.9,1.1027026176452637
23.1,23.9,1.1027026176452637
13.2,23.9,1.1027026176452637
23.3,23.9,1.1027026176452637
13.2,23.9,1.1027026176452637
13.2,23.9,1.1009008884429932
8.3,23.9,1.1027026176452637
15.4,23.9,1.1027026176452637
15.4,23.9,1.1027026176452637
26.2,23.9,1.1045044660568237
17.5,23.9,1.1027026176452637
13.2,23.9,1.1027026176452637
17.5,23.9,1.1027026176452637
15.4,23.9,1.1027026176452637
15.4,23.9,1.1027026176452637
15.4,23.9,1.1027026176452637
17.5,23.9,1.1009008884429932
25.0,23.9,1.1045044660568237
16.2,23.9,1.1027026176452637
17.5,23.9,1.1009008884429932
15.4,23.9,1.1045044660568237
25.0,23.9,1.1009008884429932
13.2,23.9,1.1027026176452637
13.2,23.9,1.1027026176452637
10.8,23.9,1.1045044660568237
20.0,23.9,1.1009008884429932
22.5,23.9,1.1027026176452637
17.1,23.9,1.1027026176452637
17.5,23.9,1.1009008884429932
17.5,23.9,1.1027026176452637
13.2,23.9,1.1027026176452637
13.2,23.9,1.099099040031433
15.8,23.9,1.1027026176452637
10.5,23.9,1.1009008884429932
15.8,23.9,1.1027026176452637
15.8,23.9,1.1027026176452637
17.5,23.9,1.1027026176452637
15.0,23.9,1.1027026176452637
8.3,23.9,1.1027026176452637
17.5,23.9,1.109009027481079
13.2,23.9,1.0981981754302979
13.5,23.9,1.099099040031433
24.4,23.9,1.1081080436706543
19.5,23.9,1.1027026176452637
15.4,23.9,1.1027026176452637
17.5,23.9,1.1027026176452637
13.2,23.9,1.1045044660568237
21.4,23.9,1.1045044660568237
15.4,23.9,1.1045044660568237
8.3,23.9,1.1027026176452637
13.2,23.9,1.1045044660568237
17.9,23.9,1.1045044660568237
19.5,23.9,1.1045044660568237
13.2,23.9,1.1045044660568237
15.4,23.9,1.1045044660568237
10.8,23.9,1.1045044660568237
15.4,23.9,1.1027026176452637
13.2,23.9,1.1027026176452637
17.5,23.9,1.1045044660568237
13.2,23.9,1.1027026176452637
13.2,23.9,1.1045044660568237
19.5,23.9,1.1045044660568237
19.5,23.9,1.1063061952590942
20.5,23.9,1.1063061952590942
20.0,23.9,1.1063061952590942
8.3,23.9,1.1045044660568237
15.4,23.9,1.1063061952590942
15.4,23.9,1.1045044660568237
17.5,23.9,1.1063061952590942
15.4,23.9,1.1063061952590942
17.5,23.9,1.1063061952590942
11.1,23.9,1.1063061952590942
20.0,23.9,1.1063061952590942
19.5,23.9,1.1063061952590942
19.5,23.9,1.1045044660568237
15.4,23.9,1.1063061952590942
19.5,23.9,1.1063061952590942
15.4,23.9,1.1063061952590942
21.4,23.9,1.1063061952590942
16.2,23.9,1.1063061952590942
22.5,23.9,1.1081080436706543
21.1,23.9,1.1063061952590942
16.7,23.9,1.1081080436706543
22.0,23.9,1.0945944786071777
15.4,23.9,1.1027026176452637
13.2,23.9,1.1045044660568237
19.5,23.9,1.1045044660568237
15.4,23.9,1.1045044660568237
13.2,23.9,1.1027026176452637
20.9,23.9,1.1027026176452637
21.1,23.9,1.1045044660568237
15.8,23.9,1.1027026176452637
19.5,23.9,1.1027026176452637
17.5,23.9,1.1027026176452637
15.4,23.9,1.1045044660568237
17.5,23.9,1.1027026176452637
23.3,23.9,1.1027026176452637
17.5,23.9,1.1027026176452637
23.1,23.9,1.1045044660568237
17.5,23.9,1.1009008884429932
17.5,23.9,1.1009008884429932
20.9,23.9,1.1009008884429932
15.4,23.9,1.1009008884429932
13.2,23.9,1.1009008884429932
13.2,23.9,1.1027026176452637
17.5,23.9,1.1027026176452637
26.8,23.9,1.1045044660568237
21.4,23.9,1.1009008884429932
17.5,23.9,1.1027026176452637
13.2,23.9,1.1009008884429932
34.1,23.9,1.1027026176452637
13.2,23.9,1.1027026176452637
17.5,23.9,1.1027026176452637
15.4,23.9,1.1009008884429932
21.1,23.9,1.1027026176452637
21.1,23.9,1.1027026176452637
13.2,23.9,1.1027026176452637
15.4,23.9,1.1027026176452637
15.4,23.9,1.1027026176452637
13.2,23.9,1.1027026176452637
20.9,23.9,1.1027026176452637
17.5,23.9,1.1027026176452637
15.8,23.9,1.1027026176452637
13.9,23.9,1.1081080436706543
17.5,23.9,1.1027026176452637
13.2,23.9,1.1027026176452637
17.5,23.9,1.1045044660568237
17.5,23.9,1.1045044660568237
15.4,23.9,1.1045044660568237
17.5,23.9,1.1045044660568237
15.4,23.9,1.1045044660568237
10.8,23.9,1.1027026176452637
20.0,23.9,1.1045044660568237
19.0,23.9,1.1045044660568237
17.9,23.9,1.1045044660568237
13.2,23.9,1.1027026176452637
13.2,23.9,1.1045044660568237
17.5,23.9,1.1045044660568237
10.8,23.9,1.1045044660568237
23.3,23.9,1.1027026176452637
13.2,23.9,1.1045044660568237
17.5,23.9,1.1027026176452637
19.5,23.9,1.1045044660568237
13.2,23.9,1.1063061952590942
15.4,23.9,1.1063061952590942
21.1,23.9,1.1045044660568237
13.2,23.9,1.1045044660568237
13.2,23.9,1.1045044660568237
12.8,23.9,1.1045044660568237
17.5,23.9,1.1045044660568237
19.5,23.9,1.1045044660568237
15.0,23.9,1.1045044660568237
17.9,23.9,1.1045044660568237
20.0,23.9,1.1045044660568237
10.8,23.9,1.1045044660568237
15.0,23.9,1.1045044660568237
19.5,23.9,1.1045044660568237
17.1,23.9,1.1045044660568237
17.5,23.9,1.1045044660568237
10.8,23.9,1.1063061952590942
13.2,23.9,1.1045044660568237
20.9,23.9,1.0945944786071777
17.5,23.9,1.0963963270187378
22.5,23.9,1.1063061952590942
46.5,24.0,1.1063061952590942
39.5,24.0,1.1063061952590942
41.0,24.1,1.1045044660568237
38.5,24.2,1.1063061952590942
43.6,24.2,1.1045044660568237
42.1,24.3,1.1063061952590942
46.3,24.3,1.1045044660568237
41.0,24.3,1.1045044660568237
43.9,24.3,1.1045044660568237
41.0,24.4,1.1045044660568237
47.6,24.5,1.1063061952590942
42.5,24.5,1.1063061952590942
42.1,24.7,1.1063061952590942
43.9,24.8,1.1063061952590942
41.0,24.9,1.1045044660568237
42.1,24.9,1.1063061952590942
42.1,24.9,1.1063061952590942
47.7,25.0,1.1063061952590942
43.9,25.1,1.1045044660568237
41.0,25.1,1.1045044660568237
41.0,25.1,1.1045044660568237
41.0,25.2,1.1063061952590942
43.9,25.2,1.1063061952590942
25.0,25.2,1.1063061952590942
25.0,25.2,1.1063061952590942
20.0,25.2,1.1081080436706543
2.9,25.2,1.1081080436706543
2.9,25.2,1.1081080436706543
16.2,25.3,1.1081080436706543
16.2,25.3,1.1081080436706543
15.4,25.3,1.1063061952590942
15.4,25.3,1.1063061952590942
15.8,25.3,1.1081080436706543
25.0,25.3,1.1081080436706543
23.1,25.3,1.1081080436706543
13.5,25.3,1.1081080436706543
13.5,25.3,1.1081080436706543
15.8,25.3,1.1063061952590942
19.5,25.3,1.1063061952590942
15.8,25.3,1.1063061952590942
10.5,25.3,1.1063061952590942
11.1,25.3,1.1045044660568237
23.8,25.3,1.1081080436706543
23.8,25.3,1.1081080436706543
23.3,25.3,1.1063061952590942
13.2,25.3,1.1063061952590942
15.4,25.3,1.1063061952590942
19.5,25.3,1.1045044660568237
19.5,25.3,1.1045044660568237
19.5,25.3,1.1063061952590942
19.5,25.3,1.1063061952590942
22.0,25.4,1.1045044660568237
13.2,25.4,1.1063061952590942
13.2,25.4,1.1063061952590942
17.5,25.4,1.1063061952590942
21.4,25.4,1.1063061952590942
13.5,25.4,1.1045044660568237
21.6,25.4,1.1063061952590942
15.8,25.4,1.1063061952590942
17.5,25.4,1.1045044660568237
15.8,25.4,1.1063061952590942
17.1,25.4,1.1063061952590942
10.8,25.4,1.1045044660568237
15.8,25.4,1.1063061952590942
8.3,25.4,1.1063061952590942
24.4,25.4,1.1063061952590942
22.0,25.4,1.1063061952590942
20.0,25.4,1.1045044660568237
22.0,25.4,1.1063061952590942
17.5,25.4,1.1081080436706543
15.8,25.4,1.1063061952590942
10.8,25.4,1.1063061952590942
17.9,25.4,1.1063061952590942
25.0,25.4,1.1063061952590942
13.2,25.4,1.1063061952590942
17.9,25.4,1.1063061952590942
15.4,25.4,1.1063061952590942
23.8,25.4,1.1063061952590942
19.5,25.4,1.1081080436706543
15.4,25.4,1.1045044660568237
15.8,25.4,1.1063061952590942
13.2,25.4,1.1063061952590942
23.3,25.4,1.1045044660568237
17.9,25.4,1.1063061952590942
17.5,25.4,1.1045044660568237
23.8,25.4,1.1063061952590942
13.2,25.4,1.1045044660568237
22.0,25.4,1.1063061952590942
13.2,25.4,1.1063061952590942
25.0,25.4,1.1063061952590942
19.5,25.4,1.1063061952590942
13.5,25.4,1.1063061952590942
21.4,25.4,1.1063061952590942
17.9,25.4,1.1063061952590942
19.5,25.4,1.1045044660568237
25.0,25.4,1.1063061952590942
13.5,25.4,1.1063061952590942
17.5,25.4,1.1063061952590942
23.8,25.4,1.1063061952590942
13.2,25.4,1.1045044660568237
25.6,25.4,1.1063061952590942
15.4,25.4,1.1027026176452637
15.8,25.4,1.1027026176452637
23.3,25.4,1.1027026176452637
10.8,25.4,1.1009008884429932
10.8,25.4,1.1027026176452637
23.8,25.4,1.1009008884429932
23.8,25.4,1.1027026176452637
15.4,25.4,1.1027026176452637
20.0,25.4,1.1027026176452637
21.4,25.4,1.1009008884429932
20.0,25.4,1.1027026176452637
17.5,25.4,1.1027026176452637
21.4,25.4,1.1027026176452637
23.3,25.4,1.1009008884429932
19.5,25.4,1.1009008884429932
15.4,25.4,1.1009008884429932
10.8,25.4,1.1009008884429932
23.8,25.4,1.1027026176452637
21.4,25.4,1.1027026176452637
20.0,25.4,1.1027026176452637
15.8,25.4,1.1027026176452637
13.2,25.4,1.1027026176452637
18.4,25.4,1.1045044660568237
20.5,25.4,1.1027026176452637
17.5,25.4,1.1027026176452637
19.5,25.4,1.1009008884429932
15.4,25.4,1.1009008884429932
23.8,25.4,1.1027026176452637
17.5,25.4,1.1027026176452637
13.2,25.4,1.1027026176452637
16.2,25.4,1.1027026176452637
27.9,25.4,1.1027026176452637
10.8,25.4,1.1027026176452637
17.5,25.4,1.1027026176452637
25.0,25.4,1.1027026176452637
15.4,25.4,1.1009008884429932
13.5,25.4,1.1027026176452637
19.5,25.4,1.1009008884429932
15.4,25.4,1.1027026176452637
23.3,25.4,1.1009008884429932
21.4,25.4,1.099099040031433
17.5,25.4,1.1009008884429932
15.4,25.4,1.1009008884429932
15.4,25.4,1.1009008884429932
21.4,25.4,1.1027026176452637
15.4,25.4,1.1009008884429932
19.5,25.4,1.1027026176452637
25.6,25.4,1.1027026176452637
19.5,25.4,1.1009008884429932
17.5,25.4,1.1027026176452637
17.5,25.4,1.1009008884429932
22.0,25.4,1.1027026176452637
26.8,25.4,1.1027026176452637
13.2,25.4,1.1027026176452637
13.2,25.4,1.1027026176452637
22.0,25.4,1.1027026176452637
19.5,25.4,1.1009008884429932
22.0,25.4,1.1027026176452637
19.5,25.4,1.099099040031433
15.4,25.4,1.1009008884429932
25.0,25.4,1.1027026176452637
26.7,25.4,1.1027026176452637
15.4,25.4,1.1027026176452637
15.8,25.4,1.1027026176452637
10.8,25.4,1.1027026176452637
10.8,25.4,1.1027026176452637
13.2,25.4,1.1027026176452637
23.8,25.4,1.1009008884429932
15.4,25.4,1.1027026176452637
18.9,25.4,1.1009008884429932
19.5,25.4,1.1009008884429932
13.2,25.4,1.1027026176452637
20.0,25.4,1.1027026176452637
11.1,25.4,1.1009008884429932
10.8,25.4,1.1009008884429932
21.4,25.4,1.1027026176452637
15.8,25.4,1.1009008884429932
23.1,25.4,1.1027026176452637
20.5,25.4,1.1027026176452637
20.5,25.4,1.1027026176452637
22.0,25.4,1.1027026176452637
25.0,25.4,1.1027026176452637
15.8,25.3,1.1027026176452637
10.8,25.3,1.1027026176452637
8.3,25.3,1.1027026176452637
15.4,25.3,1.1045044660568237
26.2,25.3,1.1027026176452637
22.0,25.3,1.1027026176452637
20.0,25.3,1.1045044660568237
19.5,25.3,1.1027026176452637
23.8,25.3,1.1045044660568237
17.5,25.3,1.1027026176452637
20.0,25.3,1.1027026176452637
13.2,25.3,1.1027026176452637
17.9,25.3,1.1045044660568237
21.4,25.3,1.1045044660568237
11.1,25.3,1.1045044660568237
17.9,25.3,1.1045044660568237
17.5,25.3,1.1045044660568237
20.0,25.3,1.1027026176452637
23.3,25.3,1.1027026176452637
13.9,25.3,1.1027026176452637
15.8,25.3,1.1045044660568237
17.5,25.3,1.1027026176452637
23.3,25.3,1.1045044660568237
10.8,25.3,1.1045044660568237
16.2,25.3,1.1027026176452637
17.5,25.3,1.0909909009933472
17.5,25.3,1.0981981754302979
19.5,25.3,1.099099040031433
21.1,25.3,1.1009008884429932
41.0,25.3,1.099099040031433
46.3,25.3,1.1009008884429932
43.9,25.3,1.099099040031433
43.9,25.3,1.099099040031433
37.8,25.3,1.099099040031433
37.8,25.3,1.099099040031433
41.0,25.3,1.099099040031433
42.5,25.3,1.099099040031433
45.2,25.3,1.0981981754302979
43.9,25.3,1.0981981754302979
39.5,25.3,1.099099040031433
40.5,25.3,1.099099040031433
41.0,25.3,1.0981981754302979
42.5,25.3,1.0981981754302979
48.8,25.3,1.099099040031433
43.6,25.3,1.0981981754302979
41.0,23.8,1.1009008884429932
10.5,23.8,1.1009008884429932
15.4,23.8,1.1027026176452637
19.5,23.8,1.1009008884429932
20.5,23.8,1.099099040031433
15.4,23.8,1.099099040031433
23.3,23.8,1.1009008884429932
10.8,23.8,1.1009008884429932
13.2,23.8,1.1009008884429932
12.8,23.8,1.1009008884429932
17.5,23.8,1.1009008884429932
19.5,23.8,1.1027026176452637
22.5,23.8,1.1009008884429932
21.4,23.8,1.1009008884429932
10.8,23.8,1.099099040031433
13.2,23.8,1.099099040031433
24.4,23.8,1.1009008884429932
13.2,23.8,1.1009008884429932
15.4,23.8,1.1009008884429932
13.2,23.8,1.1009008884429932
25.0,23.8,1.1009008884429932
21.4,23.8,1.1009008884429932
15.4,23.8,1.1009008884429932
23.3,23.8,1.1009008884429932
13.2,23.8,1.1009008884429932
10.5,23.8,1.1009008884429932
13.2,23.8,1.1009008884429932
19.5,23.8,1.1009008884429932
21.4,23.8,1.1009008884429932
17.5,23.8,1.1009008884429932
15.0,23.8,1.1009008884429932
17.5,23.8,1.1009008884429932
21.4,23.8,1.1009008884429932
17.5,23.8,1.1009008884429932
15.4,23.8,1.1009008884429932
17.1,23.8,1.1009008884429932
17.5,23.8,1.1009008884429932
17.5,23.8,1.1027026176452637
13.2,23.8,1.1009008884429932
12.8,23.8,1.1009008884429932
13.2,23.8,1.1027026176452637
15.4,23.8,1.1009008884429932
19.5,23.8,1.1027026176452637
19.0,23.8,1.1009008884429932
19.5,23.8,1.1027026176452637
15.4,23.8,1.1027026176452637
15.4,23.8,1.1027026176452637
15.8,23.8,1.1009008884429932
15.8,23.8,1.1009008884429932
20.0,23.8,1.099099040031433
15.4,23.8,1.1009008884429932
17.5,23.8,1.1027026176452637
13.2,23.8,1.1009008884429932
19.5,23.8,1.099099040031433
25.0,23.8,1.099099040031433
19.5,23.8,1.1009008884429932
17.5,23.8,1.099099040031433
15.4,23.8,1.1009008884429932
17.5,23.8,1.099099040031433
23.3,23.8,1.1027026176452637
15.4,23.8,1.099099040031433
15.4,23.8,1.1009008884429932
15.0,23.8,1.1009008884429932
15.4,23.8,1.1027026176452637
17.5,23.8,1.1009008884429932
17.1,23.8,1.1027026176452637
17.5,23.8,1.1009008884429932
13.2,23.8,1.1009008884429932
10.8,23.8,1.1027026176452637
23.3,23.8,1.1009008884429932
18.4,23.8,1.1009008884429932
13.2,23.8,1.1009008884429932
8.1,23.8,1.1009008884429932
19.5,23.8,1.1009008884429932
17.5,23.8,1.1009008884429932
17.5,23.8,1.099099040031433
13.2,23.8,1.1009008884429932
13.2,23.8,1.1009008884429932
19.0,23.8,1.099099040031433
19.5,23.8,1.1009008884429932
15.4,23.8,1.1009008884429932
17.5,23.8,1.1009008884429932
15.4,23.8,1.1009008884429932
20.9,23.8,1.1009008884429932
17.5,23.8,1.1009008884429932
15.4,23.8,1.099099040031433
17.5,23.8,1.1009008884429932
12.8,23.8,1.1009008884429932
15.4,23.8,1.1009008884429932
19.5,23.8,1.1027026176452637
19.5,23.8,1.1009008884429932
13.2,23.8,1.1009008884429932
23.3,23.8,1.1009008884429932
21.4,23.8,1.099099040031433
19.5,23.8,1.1027026176452637
13.2,23.8,1.1009008884429932
13.2,23.8,1.1009008884429932
12.8,23.8,1.1009008884429932
15.4,23.8,1.1009008884429932
17.5,23.8,1.1009008884429932
21.4,23.8,1.1009008884429932
19.5,23.8,1.1009008884429932
12.8,23.8,1.1009008884429932
8.3,23.8,1.1009008884429932
17.5,23.8,1.1009008884429932
13.2,23.8,1.1009008884429932
21.4,23.8,1.1063061952590942
13.2,23.8,1.099099040031433
13.2,23.8,1.0963963270187378
19.0,23.8,1.1063061952590942
19.0,23.8,1.1045044660568237
21.4,23.8,1.1027026176452637
17.5,23.8,1.1027026176452637
15.4,23.8,1.1009008884429932
10.5,23.8,1.1027026176452637
15.4,23.8,1.1009008884429932
15.4,23.8,1.1027026176452637
13.2,23.8,1.1027026176452637
13.2,23.8,1.1027026176452637
15.4,23.8,1.1027026176452637
13.2,23.8,1.1027026176452637
19.5,23.8,1.1027026176452637
19.0,23.8,1.1045044660568237
17.5,23.8,1.1027026176452637
15.0,23.8,1.1027026176452637
15.4,23.8,1.1027026176452637
20.9,23.8,1.1027026176452637
13.2,23.8,1.1009008884429932
10.5,23.8,1.1027026176452637
19.5,23.8,1.1027026176452637
15.4,23.8,1.1027026176452637
21.4,23.8,1.1027026176452637
10.5,23.8,1.1027026176452637
13.2,23.8,1.1027026176452637
13.2,23.8,1.1027026176452637
13.2,23.8,1.1027026176452637
15.0,23.8,1.1045044660568237
17.5,23.8,1.1027026176452637
15.4,23.8,1.1027026176452637
15.0,23.8,1.1045044660568237
19.5,23.8,1.1027026176452637
28.9,23.8,1.1027026176452637
20.0,23.8,1.1045044660568237
12.8,23.8,1.1027026176452637
10.8,23.8,1.1027026176452637
17.1,23.8,1.1027026176452637
13.2,23.8,1.1045044660568237
13.2,23.8,1.1027026176452637
15.4,23.8,1.1027026176452637
18.4,23.8,1.1045044660568237
25.0,23.8,1.1027026176452637
13.2,23.8,1.1009008884429932
25.0,23.8,1.1045044660568237
13.2,23.8,1.1045044660568237
15.4,23.8,1.1027026176452637
17.5,23.8,1.1045044660568237
13.2,23.8,1.1045044660568237
20.9,23.8,1.0927927494049072
13.2,23.8,1.0963963270187378
15.4,23.8,1.099099040031433
17.5,23.8,1.1009008884429932
13.2,23.8,1.1027026176452637
15.4,23.8,1.1027026176452637
17.5,23.8,1.1009008884429932
21.4,23.8,1.1009008884429932
17.5,23.8,1.1009008884429932
21.4,23.8,1.1009008884429932
15.4,23.8,1.1027026176452637
13.2,23.8,1.1009008884429932
21.4,23.8,1.1009008884429932
13.2,23.8,1.1009008884429932
13.2,23.8,1.1009008884429932
17.5,23.8,1.1009008884429932
17.5,23.8,1.1009008884429932
13.2,23.8,1.1009008884429932
13.2,23.8,1.1009008884429932
17.5,23.8,1.1009008884429932
23.3,23.8,1.1009008884429932
10.8,23.8,1.1009008884429932
15.4,23.8,1.1009008884429932
17.5,23.8,1.1009008884429932
23.3,23.8,1.1009008884429932
17.5,23.8,1.1009008884429932
15.4,23.8,1.1009008884429932
15.4,23.8,1.1009008884429932
10.8,23.8,1.1009008884429932
19.0,23.8,1.1009008884429932
17.5,23.8,1.1009008884429932
10.8,23.8,1.1009008884429932
17.5,23.8,1.099099040031433
10.8,23.8,1.099099040031433
13.2,23.8,1.099099040031433
19.0,23.8,1.099099040031433
15.4,23.8,1.1009008884429932
15.4,23.8,1.099099040031433
13.2,23.8,1.1009008884429932
19.5,23.8,1.1009008884429932
19.5,23.8,1.1009008884429932
13.2,23.8,1.1063061952590942
25.0,23.8,1.1027026176452637
12.8,23.8,1.099099040031433
15.4,23.8,1.1009008884429932
17.1,23.8,1.1009008884429932
17.5,23.8,1.1027026176452637
15.4,23.8,1.1009008884429932
19.0,23.8,1.1027026176452637
10.8,23.8,1.1027026176452637
15.4,23.8,1.1027026176452637
10.8,23.8,1.1027026176452637
10.8,23.8,1.1009008884429932
12.8,23.8,1.1027026176452637
15.4,23.8,1.1009008884429932
13.2,23.8,1.1009008884429932
15.4,23.8,1.1027026176452637
15.4,23.8,1.1027026176452637
15.0,23.8,1.1027026176452637
17.5,23.8,1.1027026176452637
21.4,23.8,1.1027026176452637
17.5,23.8,1.1027026176452637
15.0,23.8,1.1027026176452637
17.5,23.8,1.1027026176452637
21.4,23.8,1.1045044660568237
8.3,23.8,1.1027026176452637
17.1,23.8,1.1027026176452637
10.8,23.8,1.1045044660568237
19.5,23.8,1.1027026176452637
15.0,23.8,1.1045044660568237
17.5,23.8,1.1027026176452637
20.5,23.8,1.1027026176452637
22.0,23.8,1.1027026176452637
15.4,23.8,1.1027026176452637
15.4,23.8,1.1045044660568237
17.5,23.8,1.1045044660568237
25.0,23.8,1.1027026176452637
17.9,23.8,1.1027026176452637
10.5,23.8,1.1027026176452637
20.0,23.8,1.1027026176452637
13.2,23.8,1.1045044660568237
15.4,23.8,1.1045044660568237
17.5,23.8,1.1045044660568237
23.3,23.8,1.1045044660568237
13.2,23.8,1.1045044660568237
17.5,23.8,1.1045044660568237
15.4,23.8,1.1027026176452637
15.4,23.8,1.1027026176452637
17.1,23.8,1.1027026176452637
17.5,23.8,1.0927927494049072
17.5,23.8,1.0963963270187378
