217
1
1
1
3
29
1
1
1
1
1
1
1
3
1
3
1
1
7
6
1
2
49
20
1
30
3
1
10
1
4
1
18
2
1
1
1
1
1
49
2
2
1
1
13
9
2
1
1
3
2
4
2
1
1
1
1
20
2
1
2
11
1
1
1
5
1
1
1
27
3
4
1
1
1
1
1
5
1
3
2
2
3
1
1
1
5
1
5
2
1
1
1
5
3
1
2
1
2
7
1
1
1
1
2
1
1
3
4
1
1
1
1
3
3
1
19
32
1
2
1
2
1
2
2
1
1
18
2
1
7
17
1
2
3
1
11
1
1
1
1
3
1
1
2
9
1
1
1
2
2
2
1
2
1
1
1
1
1
5
2
1
1
1
1
56
6
2
6
2
18
1
1
1
2
1
39
1
1
2
1
1
1
1
1
1
1
3
1
1
2
1
1
1
1
14
1
1
1
1
1
1
4
1
1
1
1
62
1
1
1
1
1
1
1
1
1
1
5
2
2
2
3
1
1
13
10
3
4
1
1
6
1
3
4
2
1
1
6
1
8
1
3
1
13
5
1
1
1
3
2
1
6
1
1
1
1
1
1
7
1
6
1
1
1
2
1
1
4
1
1
24
2
1
2
5
1
2
15
1
2
1
1
1
5
53
1
2
1
1
1
2
1
1
1
6
1
1
1
3
1
1
2
1
1
1
1
4
1
33
1
6
1
10
2
1
1
1
10
1
1
1
1
1
3
5
4
1
3
2
1
3
2
1
1
1
4
13
1
1
1
4
1
1
3
1
1
1
2
1
1
1
1
1
1
1
2
1
2
1
1
1
1
1
1
1
1
2
1
1
1
4
1
1
2
1
1
1
2
1
1
1
1
1
2
1
1
1
1
3
1
1
1
1
1
1
1
2
1
1
1
1
2
1
9
1
1
2
1
2
1
1
2
2
2
3
1
2
1
1
2
1
1
2
1
1
1
2
1
1
1
1
1
1
1
1
1
1
2
2
1
3
1
1
1
1
1
1
1
1
2
1
3
1
1
1
1
1
1
2
1
3
1
1
1
1
1
2
1
1
1
1
1
1
3
1
1
1
1
2
1
1
1
1
1
1
2
1
1
1
1
1
1
1
1
1
1
1
1
1
1
1
1
1
1
1
1
1
1
1
1
1
1
1
4
1
1
1
1
2
3
1
2
1
1
1
3
1
3
1
1
1
1
1
2
3
1
1
7
1
1
1
4
1
1
1
1
4
1
1
1
1
7
2
1
1
8
1
1
1
1
1
1
1
21
1
3
1
1
3
2
2
1
4
2
6
1
2
1
1
1
4
1
1
1
3
1
1
1
1
1
9
1
1
1
9
1
1
1
3
1
3
1
1
1
1
1
1
1
1
4
3
1
1
3
1
2
1
1
1
1
1
1
1
1
2
1
1
1
2
1
2
1
1
2
2
1
1
3
1
1
1
1
1
2
1
1
1
1
1
1
1
2
1
1
2
1
1
1
1
1
1
1
1
1
1
1
1
