3
270
5
151
80
10
21
22
11
3
5
3
6
2
10
30
1
52
39
17
5
10
5
5
22
2
23
1
19
3
17
9
4
5
1
2
6
61
1
2
13
1
1
4
1
2
9
26
11
2
36
3
7
9
1
11
1
1
36
8
13
1
9
2
1
3
1
7
2
1
1
6
6
7
4
9
1
3
27
2
5
3
1
1
6
28
7
16
3
1
1
7
1
1
2
1
3
1
7
1
14
1
14
4
19
1
1
1
13
2
3
11
1
1
1
6
9
8
1
1
1
1
2
1
1
1
3
1
1
16
1
2
34
1
1
1
1
1
1
1
1
1
1
10
2
4
1
1
12
1
3
1
4
5
1
8
2
1
2
7
13
1
2
22
14
3
1
9
4
33
1
1
19
11
8
6
22
1
2
1
2
11
2
2
3
8
1
2
6
6
1
1
8
1
1
1
2
3
6
3
2
7
10
4
2
12
1
1
6
3
3
3
4
17
1
7
1
9
1
1
3
1
5
1
2
1
3
3
1
2
3
1
1
1
1
1
1
1
3
1
3
1
4
1
2
4
3
7
4
1
3
1
8
1
20
1
13
3
2
1
1
1
1
5
1
1
1
1
4
1
1
1
1
2
2
1
9
1
2
1
2
1
2
2
1
5
1
1
1
1
1
1
1
1
1
1
2
3
1
1
1
1
1
1
1
1
1
1
9
1
1
2
1
1
1
1
7
1
2
1
1
14
5
1
2
4
1
4
1
1
2
1
2
3
1
2
1
1
1
4
2
5
13
1
1
1
8
2
7
1
6
1
1
1
1
1
2
1
1
1
1
1
1
1
1
5
3
1
1
2
1
1
3
1
1
1
1
4
1
1
3
1
1
1
1
2
1
1
1
1
1
1
1
1
1
1
9
2
8
2
1
2
10
14
5
1
1
1
4
2
1
1
5
3
3
22
4
1
3
1
1
5
1
1
7
1
1
1
1
1
1
2
1
1
5
1
5
1
1
1
2
1
1
1
1
1
2
1
1
1
1
1
1
1
1
19
1
1
2
1
3
2
1
1
1
1
1
7
1
8
1
1
2
1
1
1
1
1
1
1
3
1
1
1
1
1
