0.0,0.0,0.0
0.0,0.0,1.1126126050949097
27.3,23.7,1.1126126050949097
17.9,23.7,1.1126126050949097
20.0,23.7,1.1126126050949097
13.2,23.7,1.1009008884429932
15.8,23.7,1.1027026176452637
20.0,23.7,1.109009027481079
13.2,23.7,1.1081080436706543
15.4,23.7,1.109009027481079
15.4,23.7,1.1081080436706543
21.4,23.7,1.1081080436706543
13.2,23.7,1.1081080436706543
10.8,23.7,1.1081080436706543
17.9,23.7,1.1081080436706543
22.5,23.7,1.109009027481079
11.1,23.7,1.109009027481079
17.1,23.7,1.1081080436706543
15.4,23.7,1.1081080436706543
19.5,23.7,1.109009027481079
17.5,23.7,1.1081080436706543
12.8,23.7,1.1081080436706543
15.4,23.7,1.1081080436706543
10.8,23.7,1.1081080436706543
12.8,23.7,1.1081080436706543
17.5,23.7,1.1081080436706543
19.5,23.7,1.109009027481079
13.2,23.7,1.109009027481079
12.8,23.7,1.109009027481079
10.8,23.7,1.1081080436706543
15.4,23.7,1.1081080436706543
15.0,23.7,1.1081080436706543
15.0,23.7,1.1081080436706543
15.4,23.7,1.1081080436706543
15.4,23.7,1.1081080436706543
17.1,23.7,1.1063061952590942
13.2,23.7,1.109009027481079
15.4,23.7,1.1081080436706543
19.0,23.7,1.1081080436706543
13.2,23.7,1.1081080436706543
17.5,23.7,1.1081080436706543
10.8,23.7,1.1045044660568237
15.4,23.7,1.1081080436706543
23.3,23.7,1.1081080436706543
17.5,23.7,1.1063061952590942
13.9,23.7,1.1081080436706543
17.5,23.7,1.109009027481079
17.5,23.7,1.1081080436706543
13.2,23.7,1.1081080436706543
21.4,23.7,1.1081080436706543
15.4,23.7,1.1063061952590942
15.0,23.7,1.1081080436706543
25.0,23.7,1.1063061952590942
13.2,23.7,1.1081080436706543
10.8,23.7,1.1081080436706543
15.4,23.7,1.1081080436706543
15.4,23.7,1.1063061952590942
17.1,23.7,1.1063061952590942
19.5,23.7,1.1081080436706543
15.4,23.7,1.1081080436706543
15.0,23.7,1.1081080436706543
13.2,23.7,1.1081080436706543
15.4,23.7,1.1081080436706543
19.0,23.7,1.1063061952590942
15.4,23.7,1.109009027481079
17.5,23.7,1.1081080436706543
17.5,23.7,1.1081080436706543
15.0,23.7,1.1081080436706543
17.5,23.7,1.109009027481079
12.8,23.7,1.109009027481079
15.4,23.7,1.1081080436706543
13.2,23.7,1.1063061952590942
12.8,23.7,1.1081080436706543
17.5,23.7,1.1081080436706543
19.0,23.7,1.1144143342971802
15.4,23.7,1.1126126050949097
10.8,23.7,1.1009008884429932
17.1,23.7,1.1045044660568237
13.2,23.7,1.1126126050949097
15.4,23.7,1.1081080436706543
17.5,23.7,1.109009027481079
26.3,23.7,1.109009027481079
20.0,23.7,1.1081080436706543
17.1,23.7,1.1081080436706543
21.4,23.7,1.109009027481079
15.4,23.7,1.109009027481079
15.4,23.7,1.1081080436706543
23.3,23.7,1.109009027481079
21.4,23.7,1.1081080436706543
13.9,23.7,1.1081080436706543
19.0,23.7,1.1081080436706543
19.0,23.7,1.109009027481079
15.4,23.7,1.1081080436706543
19.0,23.7,1.1081080436706543
17.5,23.7,1.1108107566833496
17.9,23.7,1.1081080436706543
20.9,23.7,1.109009027481079
13.2,23.7,1.109009027481079
17.5,23.7,1.109009027481079
10.8,23.7,1.1081080436706543
13.2,23.7,1.1108107566833496
23.3,23.7,1.109009027481079
15.0,23.7,1.109009027481079
13.2,23.7,1.1081080436706543
22.0,23.7,1.1126126050949097
20.0,23.7,1.109009027481079
19.5,23.7,1.109009027481079
15.0,23.7,1.109009027481079
17.5,23.7,1.109009027481079
17.5,23.7,1.109009027481079
19.5,23.7,1.109009027481079
15.4,23.7,1.109009027481079
15.0,23.7,1.109009027481079
13.2,23.7,1.109009027481079
10.8,23.7,1.109009027481079
15.0,23.7,1.1108107566833496
23.3,23.7,1.1108107566833496
15.4,23.7,1.109009027481079
17.5,23.7,1.109009027481079
15.4,23.7,1.1081080436706543
17.5,23.7,1.109009027481079
19.0,23.7,1.109009027481079
21.4,23.7,1.109009027481079
19.5,23.7,1.109009027481079
13.2,23.7,1.109009027481079
10.8,23.7,1.109009027481079
28.6,23.7,1.1108107566833496
13.5,23.7,1.1108107566833496
17.5,23.7,1.1108107566833496
15.0,23.7,1.109009027481079
19.5,23.7,1.109009027481079
21.4,23.7,1.1009008884429932
13.2,23.7,1.099099040031433
19.5,23.7,1.1063061952590942
20.0,23.7,1.1081080436706543
17.5,23.7,1.1063061952590942
15.4,23.7,1.1081080436706543
15.4,23.7,1.1081080436706543
19.5,23.7,1.1081080436706543
19.5,23.7,1.1063061952590942
23.3,23.7,1.1063061952590942
21.4,23.7,1.1063061952590942
24.4,23.7,1.1081080436706543
15.4,23.7,1.1063061952590942
15.4,23.7,1.1081080436706543
15.4,23.7,1.1081080436706543
15.4,23.7,1.1081080436706543
17.5,23.7,1.1081080436706543
17.5,23.7,1.1081080436706543
15.4,23.7,1.1063061952590942
15.4,23.7,1.1081080436706543
20.5,23.7,1.1063061952590942
19.5,23.7,1.1063061952590942
19.5,23.7,1.1063061952590942
10.8,23.8,1.1063061952590942
10.8,23.8,1.1063061952590942
15.0,23.8,1.1063061952590942
15.0,23.8,1.1063061952590942
19.0,23.8,1.1063061952590942
21.1,23.8,1.1045044660568237
22.5,23.8,1.1081080436706543
22.5,23.8,1.1081080436706543
22.5,23.8,1.1081080436706543
15.4,23.8,1.1063061952590942
15.4,23.8,1.1063061952590942
15.4,23.8,1.1063061952590942
15.4,23.8,1.1063061952590942
8.3,23.8,1.1081080436706543
13.9,23.8,1.1063061952590942
13.9,23.8,1.1063061952590942
15.4,23.8,1.1081080436706543
15.4,23.8,1.1081080436706543
25.0,23.8,1.1063061952590942
20.9,23.8,1.1081080436706543
20.0,23.8,1.1081080436706543
13.2,23.8,1.1081080436706543
13.2,23.8,1.1081080436706543
20.0,23.8,1.1081080436706543
20.0,23.8,1.1081080436706543
15.4,23.8,1.1081080436706543
15.4,23.8,1.1081080436706543
15.4,23.8,1.1063061952590942
15.0,23.8,1.1081080436706543
15.0,23.8,1.1081080436706543
22.5,23.8,1.1063061952590942
20.0,23.8,1.1063061952590942
20.0,23.8,1.1081080436706543
15.4,23.8,1.1081080436706543
15.4,23.8,1.1063061952590942
17.5,23.8,1.1081080436706543
15.0,23.8,1.1063061952590942
15.0,23.8,1.1081080436706543
15.4,23.8,1.1081080436706543
20.0,23.8,1.1063061952590942
13.2,23.8,1.1081080436706543
17.5,23.8,1.1081080436706543
25.0,23.8,1.1063061952590942
23.3,23.8,1.1081080436706543
25.0,23.8,1.1063061952590942
15.0,23.8,1.1063061952590942
15.4,23.8,1.1063061952590942
13.5,23.8,1.1081080436706543
15.4,23.8,1.1081080436706543
41.5,24.0,1.1045044660568237
39.5,24.1,1.1063061952590942
43.9,24.2,1.1045044660568237
45.0,24.2,1.1063061952590942
43.6,24.2,1.1063061952590942
43.9,24.3,1.1045044660568237
40.0,24.3,1.1063061952590942
37.8,24.3,1.1063061952590942
47.7,24.3,1.1045044660568237
46.3,24.4,1.1063061952590942
43.9,24.5,1.1063061952590942
46.5,24.5,1.1063061952590942
40.5,24.5,1.1027026176452637
46.5,24.6,1.1063061952590942
43.9,24.7,1.1045044660568237
47.6,24.8,1.1063061952590942
41.0,24.9,1.1063061952590942
39.5,24.9,1.1045044660568237
41.0,25.0,1.1045044660568237
45.0,25.0,1.1063061952590942
41.0,25.1,1.1063061952590942
41.0,25.2,1.1063061952590942
47.6,25.2,1.1063061952590942
31.6,25.2,1.1063061952590942
21.1,25.2,1.1063061952590942
21.1,25.2,1.1063061952590942
22.5,25.3,1.1063061952590942
11.1,25.3,1.1063061952590942
20.5,25.3,1.1063061952590942
20.0,25.3,1.1063061952590942
20.0,25.3,1.1126126050949097
17.5,25.3,1.1108107566833496
15.4,25.3,1.1081080436706543
24.4,25.3,1.1063061952590942
26.8,25.1,1.1063061952590942
23.3,25.1,1.1063061952590942
24.4,25.1,1.1063061952590942
20.0,25.2,1.1081080436706543
18.4,25.2,1.1063061952590942
20.0,25.2,1.1063061952590942
18.4,25.2,1.1063061952590942
20.0,25.2,1.1045044660568237
22.5,25.2,1.1081080436706543
20.0,25.2,1.1063061952590942
24.4,25.2,1.1081080436706543
17.9,25.2,1.1063061952590942
11.1,25.2,1.1063061952590942
20.5,25.2,1.1063061952590942
25.6,25.2,1.1081080436706543
13.5,25.2,1.1063061952590942
22.5,25.2,1.1063061952590942
11.1,25.2,1.1063061952590942
18.4,25.2,1.1063061952590942
20.0,25.2,1.1063061952590942
24.4,25.2,1.1063061952590942
15.8,25.2,1.1063061952590942
20.5,25.2,1.1063061952590942
20.0,25.2,1.1081080436706543
17.9,25.2,1.1063061952590942
22.5,25.2,1.1063061952590942
17.9,25.2,1.1081080436706543
22.0,25.2,1.1081080436706543
16.2,25.2,1.1063061952590942
29.3,25.2,1.1081080436706543
22.5,25.2,1.1063061952590942
20.0,25.2,1.1063061952590942
18.4,25.2,1.1063061952590942
15.8,25.2,1.1063061952590942
22.5,25.2,1.1063061952590942
22.0,25.2,1.1063061952590942
26.2,25.2,1.1081080436706543
20.5,25.2,1.1063061952590942
20.0,25.2,1.1063061952590942
22.0,25.2,1.1063061952590942
22.5,25.2,1.1063061952590942
17.9,25.2,1.1081080436706543
20.0,25.2,1.1063061952590942
13.9,25.2,1.1081080436706543
17.9,25.2,1.1063061952590942
17.9,25.2,1.1063061952590942
26.2,25.2,1.1063061952590942
20.0,25.2,1.1063061952590942
20.0,25.2,1.1063061952590942
24.4,25.2,1.1063061952590942
20.5,25.2,1.1063061952590942
26.3,25.2,1.1063061952590942
25.6,25.2,1.1081080436706543
13.5,25.2,1.1063061952590942
16.2,25.2,1.1063061952590942
13.5,25.2,1.1063061952590942
22.0,25.2,1.1063061952590942
13.5,25.2,1.1063061952590942
13.5,25.2,1.1063061952590942
26.2,25.2,1.1063061952590942
31.0,25.2,1.1081080436706543
20.0,25.2,1.1045044660568237
23.8,25.2,1.1063061952590942
23.8,25.2,1.1063061952590942
23.8,25.2,1.1081080436706543
17.9,25.2,1.1081080436706543
15.8,25.2,1.1063061952590942
20.0,25.2,1.1063061952590942
23.8,25.2,1.1045044660568237
15.8,25.2,1.1063061952590942
23.8,25.2,1.1063061952590942
13.5,25.2,1.1063061952590942
22.5,25.2,1.1063061952590942
15.8,25.2,1.1063061952590942
25.6,25.2,1.1063061952590942
22.5,25.2,1.1081080436706543
25.0,25.2,1.1081080436706543
20.0,25.2,1.1081080436706543
20.5,25.2,1.1081080436706543
25.6,25.2,1.1063061952590942
17.9,25.2,1.1063061952590942
20.5,25.2,1.1081080436706543
22.0,25.2,1.1081080436706543
25.6,25.2,1.1081080436706543
25.0,25.3,1.1063061952590942
23.8,25.3,1.1081080436706543
16.2,25.3,1.1063061952590942
17.9,25.3,1.1081080436706543
24.4,25.3,1.1081080436706543
20.0,25.3,1.1081080436706543
20.5,25.3,1.1063061952590942
31.8,25.3,1.109009027481079
22.5,25.3,1.1063061952590942
20.0,25.3,1.1081080436706543
26.2,25.3,1.1081080436706543
22.0,25.3,1.1081080436706543
24.4,25.3,1.1063061952590942
17.9,25.3,1.1081080436706543
15.8,25.4,1.1063061952590942
33.3,25.3,1.109009027481079
27.9,25.4,1.1063061952590942
17.5,25.4,1.1081080436706543
2.9,25.4,1.1081080436706543
21.4,25.4,1.1081080436706543
10.8,25.4,1.1081080436706543
22.0,25.3,1.1063061952590942
23.3,25.3,1.1081080436706543
20.5,25.3,1.109009027481079
15.4,25.3,1.1081080436706543
23.1,25.3,1.0981981754302979
17.5,25.3,1.0981981754302979
31.4,25.3,1.1027026176452637
45.2,25.3,1.1045044660568237
45.0,25.3,1.1027026176452637
39.5,25.3,1.1027026176452637
43.6,25.3,1.1027026176452637
37.8,25.3,1.1027026176452637
42.1,25.3,1.1045044660568237
45.0,25.3,1.1009008884429932
42.1,25.3,1.1045044660568237
42.5,25.3,1.1027026176452637
43.6,25.3,1.1027026176452637
37.8,25.3,1.1027026176452637
40.5,25.3,1.1027026176452637
39.5,25.3,1.1027026176452637
52.4,25.3,1.1009008884429932
46.3,25.4,1.1045044660568237
41.5,25.4,1.1045044660568237
41.5,23.9,1.1063061952590942
15.4,23.9,1.1063061952590942
15.4,23.9,1.1063061952590942
15.0,23.9,1.1063061952590942
23.3,23.9,1.1063061952590942
15.4,23.9,1.1045044660568237
13.2,23.9,1.1063061952590942
17.5,23.9,1.1045044660568237
15.8,23.9,1.1063061952590942
22.5,23.9,1.1063061952590942
13.2,23.9,1.1063061952590942
12.8,23.9,1.1063061952590942
17.9,23.9,1.1081080436706543
12.8,23.9,1.1063061952590942
19.5,23.9,1.1063061952590942
8.3,23.9,1.1045044660568237
23.3,23.9,1.109009027481079
16.7,23.9,1.1063061952590942
18.4,23.9,1.1045044660568237
17.9,23.9,1.1045044660568237
15.4,23.9,1.1063061952590942
13.2,23.9,1.1045044660568237
5.6,23.9,1.1063061952590942
17.5,23.9,1.1081080436706543
15.8,23.9,1.1063061952590942
20.5,23.9,1.1063061952590942
15.4,23.9,1.1063061952590942
13.2,23.9,1.1063061952590942
17.5,23.9,1.1063061952590942
23.8,23.9,1.1063061952590942
13.2,23.9,1.1063061952590942
19.5,23.9,1.1045044660568237
17.9,23.9,1.1063061952590942
16.7,23.9,1.1063061952590942
27.9,23.9,1.1045044660568237
15.4,23.9,1.1063061952590942
15.4,23.9,1.1063061952590942
13.2,23.9,1.1063061952590942
15.0,23.9,1.1063061952590942
17.9,23.9,1.1063061952590942
19.5,23.9,1.1063061952590942
19.5,23.9,1.1063061952590942
15.4,23.9,1.1063061952590942
17.5,23.9,1.1063061952590942
19.5,23.9,1.1063061952590942
17.5,23.9,1.1063061952590942
15.4,23.9,1.1063061952590942
10.8,23.9,1.1081080436706543
17.9,23.9,1.1063061952590942
17.9,23.9,1.1063061952590942
15.4,23.9,1.1063061952590942
19.5,23.9,1.1063061952590942
17.5,23.9,1.1063061952590942
17.5,23.9,1.1045044660568237
15.4,23.9,1.1063061952590942
15.4,23.9,1.1063061952590942
18.4,23.9,1.1045044660568237
20.0,23.9,1.1063061952590942
13.2,23.9,1.1063061952590942
13.5,23.9,1.1063061952590942
20.9,23.9,1.1045044660568237
11.1,23.9,1.1081080436706543
13.2,23.9,1.1063061952590942
17.5,23.9,1.1063061952590942
13.2,23.9,1.1045044660568237
13.2,23.9,1.1063061952590942
10.8,23.9,1.1108107566833496
13.2,23.9,1.1009008884429932
19.5,23.9,1.099099040031433
15.4,23.9,1.1108107566833496
17.5,23.9,1.1081080436706543
13.2,23.9,1.1063061952590942
17.5,23.9,1.1081080436706543
27.3,23.9,1.1063061952590942
19.0,23.9,1.1081080436706543
13.2,23.9,1.1081080436706543
13.2,23.9,1.1063061952590942
13.2,23.9,1.1063061952590942
13.2,23.9,1.1081080436706543
15.4,23.9,1.1063061952590942
15.4,23.9,1.1081080436706543
12.8,23.9,1.1081080436706543
13.2,23.9,1.1081080436706543
13.2,23.9,1.1081080436706543
10.8,23.9,1.1081080436706543
19.0,23.9,1.1081080436706543
8.3,23.9,1.1081080436706543
17.5,23.9,1.1063061952590942
19.5,23.9,1.1081080436706543
13.2,23.9,1.1081080436706543
21.4,23.9,1.1063061952590942
19.0,23.9,1.1081080436706543
17.5,23.9,1.1081080436706543
13.2,23.9,1.1063061952590942
10.8,23.9,1.1063061952590942
19.5,23.9,1.1081080436706543
8.3,23.9,1.1081080436706543
13.2,23.9,1.1081080436706543
13.2,23.9,1.1081080436706543
8.1,23.9,1.1081080436706543
19.5,23.9,1.1081080436706543
15.4,23.9,1.1081080436706543
23.3,23.9,1.1081080436706543
19.5,23.9,1.1081080436706543
17.5,23.9,1.1081080436706543
17.5,23.9,1.1081080436706543
19.5,23.9,1.1081080436706543
17.5,23.9,1.1063061952590942
19.5,23.9,1.1063061952590942
17.5,23.9,1.1081080436706543
17.5,23.9,1.1081080436706543
15.0,23.9,1.1081080436706543
13.2,23.9,1.109009027481079
19.5,23.9,1.109009027481079
17.5,23.9,1.1081080436706543
17.5,23.9,1.1081080436706543
17.5,23.9,1.1081080436706543
15.4,23.9,1.1081080436706543
19.5,23.9,1.1081080436706543
13.2,23.9,1.1081080436706543
10.8,23.9,1.1081080436706543
19.5,23.9,1.109009027481079
13.2,23.9,1.109009027481079
26.7,23.9,1.1081080436706543
13.2,23.9,1.109009027481079
17.5,23.9,1.1081080436706543
13.2,23.9,1.109009027481079
15.4,23.9,1.1081080436706543
13.2,23.9,1.1081080436706543
17.1,23.9,1.0981981754302979
21.4,23.9,1.1027026176452637
17.5,23.9,1.1045044660568237
10.8,23.9,1.1063061952590942
11.1,23.9,1.1081080436706543
17.1,23.9,1.1045044660568237
17.5,23.9,1.1045044660568237
17.5,23.9,1.1063061952590942
21.4,23.9,1.1045044660568237
17.5,23.9,1.1063061952590942
21.4,23.9,1.1063061952590942
15.4,23.9,1.1045044660568237
19.5,23.9,1.1063061952590942
17.5,23.9,1.1063061952590942
13.2,23.9,1.1108107566833496
15.4,23.9,1.099099040031433
10.8,23.9,1.1009008884429932
15.4,23.9,1.1108107566833496
23.3,23.9,1.1063061952590942
17.5,23.9,1.1081080436706543
21.4,23.9,1.1081080436706543
15.4,23.9,1.1063061952590942
17.5,23.9,1.1081080436706543
17.5,23.9,1.1081080436706543
19.5,23.9,1.1063061952590942
17.5,23.9,1.1063061952590942
15.4,23.9,1.1063061952590942
13.2,23.9,1.1063061952590942
17.5,23.9,1.1063061952590942
17.5,23.9,1.1081080436706543
17.5,23.9,1.1063061952590942
15.4,23.9,1.1081080436706543
13.2,23.9,1.1081080436706543
19.5,23.9,1.1081080436706543
17.5,23.9,1.1063061952590942
17.5,23.9,1.1081080436706543
10.8,23.9,1.1081080436706543
15.4,23.9,1.1081080436706543
17.5,23.9,1.1081080436706543
23.3,23.9,1.1081080436706543
19.5,23.9,1.1081080436706543
17.5,23.9,1.1081080436706543
17.5,23.9,1.1081080436706543
17.5,23.9,1.1081080436706543
17.5,23.9,1.109009027481079
19.5,23.9,1.109009027481079
15.4,23.9,1.1081080436706543
19.5,23.9,1.109009027481079
15.4,23.9,1.1081080436706543
10.8,23.9,1.0981981754302979
15.4,23.9,1.099099040031433
33.3,24.1,1.1027026176452637
37.8,24.1,1.1045044660568237
37.1,24.2,1.1027026176452637
43.9,24.2,1.1027026176452637
43.6,24.3,1.1045044660568237
47.7,24.3,1.1045044660568237
38.9,24.3,1.1027026176452637
47.6,24.3,1.1027026176452637
45.2,24.4,1.1045044660568237
40.5,24.5,1.1045044660568237
38.9,24.6,1.1045044660568237
41.0,24.7,1.1045044660568237
41.0,24.8,1.1045044660568237
43.6,24.9,1.1045044660568237
36.1,25.0,1.1045044660568237
41.0,25.0,1.1045044660568237
41.0,25.1,1.1027026176452637
32.4,25.1,1.1027026176452637
37.8,25.1,1.1045044660568237
42.9,25.2,1.1045044660568237
46.3,25.2,1.1027026176452637
34.2,25.2,1.1045044660568237
16.7,25.2,1.1045044660568237
26.8,25.3,1.1045044660568237
17.9,25.3,1.1045044660568237
24.3,25.3,1.1063061952590942
20.0,25.3,1.1027026176452637
21.4,25.3,1.1009008884429932
17.5,25.3,1.1045044660568237
15.4,25.3,1.1045044660568237
13.9,25.4,1.1081080436706543
15.8,25.4,1.109009027481079
10.8,25.4,1.1045044660568237
24.4,25.4,1.1045044660568237
22.0,25.4,1.1045044660568237
11.1,25.4,1.1045044660568237
16.2,25.4,1.1063061952590942
22.0,25.4,1.1045044660568237
17.9,25.4,1.1045044660568237
17.9,25.4,1.1045044660568237
16.2,25.4,1.1063061952590942
20.0,25.4,1.1063061952590942
15.8,25.4,1.1045044660568237
15.8,25.4,1.1045044660568237
15.8,25.4,1.1045044660568237
13.5,25.4,1.1045044660568237
13.9,25.4,1.1045044660568237
22.0,25.4,1.1063061952590942
27.5,25.4,1.1063061952590942
31.7,25.4,1.1045044660568237
20.0,25.4,1.1063061952590942
22.0,25.4,1.1045044660568237
17.9,25.4,1.1045044660568237
22.0,25.3,1.1045044660568237
13.5,25.3,1.1063061952590942
13.5,25.3,1.1045044660568237
17.9,25.3,1.1045044660568237
22.0,25.3,1.1045044660568237
22.0,25.3,1.1045044660568237
22.0,25.3,1.1045044660568237
25.6,25.2,1.1045044660568237
17.9,25.3,1.1045044660568237
16.2,25.3,1.1045044660568237
20.0,25.3,1.1045044660568237
31.0,25.3,1.1063061952590942
27.3,25.3,1.1045044660568237
18.4,25.3,1.1045044660568237
22.0,25.3,1.1063061952590942
22.0,25.3,1.1045044660568237
20.5,25.3,1.1045044660568237
20.0,25.3,1.1063061952590942
22.5,25.3,1.1045044660568237
17.9,25.3,1.1063061952590942
18.4,25.3,1.1027026176452637
31.1,25.3,1.1045044660568237
17.9,25.3,1.1045044660568237
20.5,25.3,1.1063061952590942
17.9,25.3,1.1045044660568237
16.2,25.3,1.1045044660568237
26.3,25.3,1.1063061952590942
16.7,25.3,1.1045044660568237
24.4,25.3,1.1027026176452637
26.2,25.3,1.1045044660568237
13.5,25.3,1.1045044660568237
22.5,25.3,1.1045044660568237
22.5,25.3,1.1027026176452637
15.8,25.3,1.1045044660568237
25.0,25.3,1.1045044660568237
24.3,25.3,1.1063061952590942
21.1,25.3,1.1045044660568237
22.5,25.3,1.1045044660568237
17.9,25.3,1.1063061952590942
24.4,25.3,1.1045044660568237
17.9,25.3,1.1045044660568237
17.9,25.3,1.1045044660568237
20.5,25.3,1.1045044660568237
20.5,25.3,1.1045044660568237
21.6,25.3,1.1027026176452637
26.2,25.3,1.1045044660568237
20.5,25.3,1.1045044660568237
20.5,25.3,1.1045044660568237
25.6,25.3,1.1045044660568237
18.4,25.3,1.1045044660568237
22.0,25.3,1.1045044660568237
16.2,25.3,1.1063061952590942
15.8,25.3,1.1027026176452637
18.4,25.3,1.1063061952590942
11.1,25.3,1.1045044660568237
16.2,25.3,1.1045044660568237
20.5,25.3,1.1063061952590942
11.1,25.3,1.1063061952590942
20.5,25.3,1.1063061952590942
23.7,25.3,1.1063061952590942
20.5,25.3,1.1045044660568237
11.1,25.3,1.1045044660568237
17.9,25.3,1.1063061952590942
17.9,25.3,1.1063061952590942
22.0,25.3,1.1063061952590942
24.4,25.3,1.1045044660568237
15.8,25.3,1.1027026176452637
27.5,25.3,1.1063061952590942
20.0,25.3,1.1063061952590942
27.9,25.3,1.1063061952590942
13.5,25.3,1.1063061952590942
23.8,25.3,1.1063061952590942
22.5,25.3,1.1063061952590942
17.9,25.3,1.1063061952590942
20.5,25.3,1.1063061952590942
22.0,25.3,1.1063061952590942
23.8,25.3,1.1081080436706543
18.4,25.3,1.1063061952590942
27.3,25.3,1.1081080436706543
29.5,25.3,1.1063061952590942
20.5,25.3,1.1063061952590942
15.8,25.3,1.1063061952590942
15.8,25.3,1.1063061952590942
23.1,25.3,1.1081080436706543
17.9,25.3,1.1081080436706543
13.2,25.3,1.1063061952590942
17.9,25.3,1.1063061952590942
18.9,25.3,1.1081080436706543
13.5,25.3,1.1063061952590942
32.6,25.3,1.1081080436706543
41.9,25.3,1.0945944786071777
41.0,25.3,1.0963963270187378
39.5,25.3,1.1009008884429932
36.8,25.3,1.1009008884429932
43.6,25.3,1.1009008884429932
46.2,25.3,1.1009008884429932
46.5,25.3,1.1009008884429932
41.0,25.3,1.1027026176452637
43.6,25.3,1.1027026176452637
45.0,25.3,1.1027026176452637
45.0,25.3,1.1027026176452637
39.5,25.3,1.1027026176452637
39.5,25.3,1.1027026176452637
43.9,25.3,1.1027026176452637
43.9,25.3,1.1027026176452637
42.1,25.3,1.1027026176452637
40.5,25.3,1.1027026176452637
43.9,25.3,1.1027026176452637
43.2,25.3,1.1045044660568237
40.5,25.3,1.1009008884429932
27.5,25.3,1.1045044660568237
15.4,23.9,1.1063061952590942
15.4,23.9,1.1063061952590942
17.5,23.9,1.1063061952590942
15.4,23.9,1.1045044660568237
32.7,23.9,1.1063061952590942
19.5,23.9,1.1045044660568237
21.4,23.9,1.1045044660568237
15.4,23.9,1.1027026176452637
23.3,23.9,1.1027026176452637
13.2,23.9,1.1045044660568237
17.5,23.9,1.1045044660568237
19.5,23.9,1.1045044660568237
13.2,23.9,1.1045044660568237
13.2,23.9,1.1045044660568237
20.0,23.9,1.1045044660568237
19.0,23.9,1.1045044660568237
22.5,23.9,1.1045044660568237
5.7,23.9,1.1045044660568237
19.5,23.9,1.1045044660568237
17.5,23.9,1.1045044660568237
17.5,23.9,1.1063061952590942
17.9,23.9,1.1045044660568237
20.5,23.9,1.1045044660568237
17.5,23.9,1.1045044660568237
23.3,23.9,1.1045044660568237
13.2,23.9,1.1063061952590942
21.4,23.9,1.1045044660568237
15.4,23.9,1.1045044660568237
19.5,23.9,1.1027026176452637
20.0,23.9,1.1027026176452637
19.5,23.9,1.1045044660568237
13.2,23.9,1.1045044660568237
17.5,23.9,1.1045044660568237
10.8,23.9,1.1045044660568237
13.2,23.9,1.1045044660568237
13.2,23.9,1.1045044660568237
8.8,23.9,1.1063061952590942
20.0,23.9,1.1063061952590942
19.5,23.9,1.1045044660568237
17.5,23.9,1.1063061952590942
17.5,23.9,1.1045044660568237
13.2,23.9,1.1045044660568237
13.2,23.9,1.1063061952590942
15.4,23.9,1.1045044660568237
13.2,23.9,1.1045044660568237
19.5,23.9,1.1045044660568237
19.5,23.9,1.1045044660568237
19.5,23.9,1.1045044660568237
13.2,23.9,1.1045044660568237
15.4,23.9,1.1045044660568237
15.4,23.9,1.1045044660568237
20.5,23.9,1.1027026176452637
25.0,23.9,1.1063061952590942
25.0,23.9,1.1045044660568237
8.3,23.9,1.1045044660568237
8.3,23.9,1.1045044660568237
15.4,23.9,1.1063061952590942
15.4,23.9,1.1063061952590942
17.5,23.9,1.1045044660568237
15.8,23.9,1.1063061952590942
15.8,23.9,1.1045044660568237
15.0,23.9,1.1045044660568237
15.0,23.9,1.1045044660568237
13.2,23.9,1.1045044660568237
13.2,23.9,1.1045044660568237
15.4,23.9,1.1045044660568237
10.5,23.9,1.1045044660568237
10.5,23.9,1.1045044660568237
17.5,23.9,1.1045044660568237
17.5,23.9,1.1045044660568237
13.2,23.9,1.1027026176452637
12.8,23.9,1.1045044660568237
12.8,23.9,1.1045044660568237
17.5,23.9,1.1027026176452637
17.5,23.9,1.1027026176452637
17.5,23.9,1.1045044660568237
17.5,23.9,1.1045044660568237
10.5,23.9,1.1027026176452637
10.5,23.9,1.1045044660568237
10.5,23.9,1.1045044660568237
17.5,23.9,1.1045044660568237
22.5,23.9,1.1045044660568237
20.0,23.9,1.1045044660568237
17.5,23.9,1.1045044660568237
17.5,23.9,1.1027026176452637
25.0,23.9,1.1045044660568237
19.5,23.9,1.1045044660568237
19.5,23.9,1.1045044660568237
17.5,23.9,1.1045044660568237
13.2,23.9,1.1027026176452637
15.4,23.9,1.1063061952590942
19.0,23.9,1.1045044660568237
23.3,23.9,1.1045044660568237
17.5,23.9,1.1027026176452637
19.0,23.9,1.1045044660568237
15.4,23.9,1.1045044660568237
20.9,23.9,1.1045044660568237
19.5,23.9,1.1045044660568237
19.5,23.9,1.1045044660568237
17.5,23.9,1.1045044660568237
17.1,23.9,1.1045044660568237
15.4,23.9,1.1045044660568237
19.5,23.9,1.1045044660568237
20.9,23.9,1.1045044660568237
15.4,23.9,1.1027026176452637
13.5,23.9,1.1045044660568237
10.8,23.9,1.1063061952590942
10.8,23.9,1.1045044660568237
15.4,23.9,1.1045044660568237
19.5,23.9,1.1045044660568237
21.4,23.9,1.1063061952590942
20.5,23.9,1.1009008884429932
21.4,23.9,1.1045044660568237
13.2,23.9,1.1045044660568237
15.4,23.9,1.1045044660568237
19.0,23.9,1.1045044660568237
11.1,23.9,1.1081080436706543
15.0,23.9,1.0981981754302979
13.2,23.9,1.1009008884429932
17.9,23.9,1.109009027481079
17.5,23.9,1.1045044660568237
13.2,23.9,1.1045044660568237
15.4,23.9,1.1063061952590942
10.8,23.9,1.1063061952590942
12.8,23.9,1.1045044660568237
15.8,23.9,1.1045044660568237
22.5,23.9,1.1063061952590942
17.5,23.9,1.1063061952590942
13.2,23.9,1.1063061952590942
13.2,23.9,1.1063061952590942
13.2,23.9,1.1063061952590942
15.4,23.9,1.1063061952590942
23.3,23.9,1.1063061952590942
15.4,23.9,1.1045044660568237
15.4,23.9,1.1063061952590942
13.2,23.9,1.1045044660568237
15.4,23.9,1.1063061952590942
8.3,23.9,1.1063061952590942
23.3,23.9,1.1045044660568237
17.5,23.9,1.1063061952590942
22.5,23.9,1.1063061952590942
20.0,23.9,1.1063061952590942
15.4,23.9,1.1063061952590942
26.7,23.9,1.1063061952590942
23.3,23.9,1.1045044660568237
19.5,23.9,1.1045044660568237
15.4,23.9,1.1045044660568237
15.4,23.9,1.1063061952590942
22.0,23.9,1.1081080436706543
25.6,23.9,1.1081080436706543
15.4,23.9,1.1063061952590942
17.5,23.9,1.1063061952590942
17.5,23.9,1.1063061952590942
15.4,23.9,1.1063061952590942
17.1,23.9,1.1063061952590942
21.4,23.9,1.1081080436706543
15.4,23.9,1.1063061952590942
15.4,23.9,1.1063061952590942
15.4,23.9,1.1063061952590942
13.2,23.9,1.1063061952590942
21.4,23.9,1.1081080436706543
21.4,23.9,1.1063061952590942
15.4,23.9,1.1063061952590942
15.4,23.9,1.1081080436706543
26.2,23.9,1.1081080436706543
19.5,23.9,1.1063061952590942
19.5,23.9,1.1063061952590942
12.8,23.9,1.1063061952590942
17.5,23.9,1.1081080436706543
20.9,23.9,1.1063061952590942
19.5,23.9,1.1063061952590942
21.4,23.9,1.1063061952590942
15.0,23.9,1.1081080436706543
17.5,23.9,1.1063061952590942
10.8,23.9,1.1063061952590942
13.2,23.9,1.1081080436706543
19.5,23.9,1.1063061952590942
13.2,23.9,1.0963963270187378
25.0,24.0,1.0981981754302979
50.0,24.1,1.1045044660568237
43.6,24.2,1.1045044660568237
46.5,24.3,1.1027026176452637
39.5,24.3,1.1027026176452637
37.8,24.3,1.1027026176452637
43.9,24.4,1.1045044660568237
41.0,24.4,1.1027026176452637
41.0,24.4,1.1027026176452637
42.1,24.5,1.1009008884429932
46.5,24.5,1.1009008884429932
41.0,24.6,1.1009008884429932
39.5,24.7,1.1027026176452637
40.5,24.8,1.1045044660568237
41.0,24.9,1.1027026176452637
48.9,25.0,1.1027026176452637
46.3,25.0,1.1027026176452637
43.9,25.0,1.1009008884429932
41.0,25.2,1.1027026176452637
43.9,25.2,1.1027026176452637
41.0,25.2,1.1009008884429932
37.8,25.3,1.1009008884429932
45.0,25.4,1.1045044660568237
41.0,25.4,1.1027026176452637
38.1,25.4,1.1045044660568237
25.0,25.4,1.1009008884429932
14.3,25.4,1.1045044660568237
18.4,25.4,1.1045044660568237
20.5,25.4,1.1027026176452637
15.4,25.4,1.1009008884429932
25.6,25.4,1.1009008884429932
17.9,25.4,1.1063061952590942
19.5,25.4,1.1081080436706543
16.2,25.4,1.1045044660568237
17.9,25.4,1.1045044660568237
11.1,25.4,1.1027026176452637
16.2,25.4,1.1027026176452637
20.0,25.4,1.1027026176452637
20.5,25.4,1.1045044660568237
18.4,25.4,1.1027026176452637
27.3,25.4,1.1045044660568237
13.9,25.4,1.1045044660568237
17.9,25.4,1.1027026176452637
27.9,25.4,1.1045044660568237
23.8,25.3,1.1045044660568237
26.2,25.3,1.1027026176452637
20.5,25.3,1.1027026176452637
11.1,25.3,1.1027026176452637
13.9,25.3,1.1045044660568237
16.2,25.3,1.1027026176452637
17.9,25.3,1.1045044660568237
16.2,25.3,1.1045044660568237
16.2,25.3,1.1045044660568237
18.4,25.3,1.1045044660568237
13.5,25.3,1.1045044660568237
18.4,25.3,1.1045044660568237
28.9,25.3,1.1027026176452637
18.4,25.3,1.1027026176452637
22.5,25.3,1.1063061952590942
23.1,25.3,1.1027026176452637
22.5,25.3,1.1045044660568237
13.9,25.3,1.1045044660568237
23.8,25.3,1.1045044660568237
22.5,25.3,1.1027026176452637
22.5,25.3,1.1027026176452637
15.8,25.3,1.1027026176452637
26.8,25.3,1.1045044660568237
20.5,25.3,1.1027026176452637
25.6,25.3,1.1027026176452637
22.5,25.3,1.1045044660568237
18.4,25.3,1.1045044660568237
20.0,25.3,1.1027026176452637
20.0,25.3,1.1027026176452637
26.8,25.3,1.1045044660568237
16.7,25.3,1.1027026176452637
17.9,25.3,1.1045044660568237
20.5,25.3,1.1027026176452637
5.9,25.3,1.1045044660568237
13.5,25.3,1.1045044660568237
22.5,25.3,1.1027026176452637
23.8,25.3,1.1027026176452637
22.0,25.3,1.1027026176452637
13.5,25.3,1.1045044660568237
22.0,25.3,1.1045044660568237
22.5,25.3,1.1045044660568237
20.0,25.3,1.1027026176452637
11.1,25.3,1.1045044660568237
22.0,25.3,1.1027026176452637
13.9,25.3,1.1027026176452637
20.0,25.3,1.1027026176452637
16.2,25.3,1.1045044660568237
15.8,25.3,1.1027026176452637
22.5,25.3,1.1063061952590942
17.9,25.3,1.1045044660568237
16.2,25.3,1.1027026176452637
22.0,25.3,1.1027026176452637
20.0,25.3,1.1045044660568237
22.0,25.3,1.1027026176452637
13.9,25.3,1.1027026176452637
27.5,25.3,1.1009008884429932
16.7,25.3,1.1045044660568237
17.9,25.3,1.1027026176452637
21.6,25.3,1.1045044660568237
22.5,25.3,1.1027026176452637
22.5,25.4,1.1045044660568237
15.8,25.3,1.1045044660568237
22.5,25.3,1.1027026176452637
23.8,25.3,1.1045044660568237
20.5,25.3,1.1027026176452637
18.4,25.3,1.1027026176452637
27.5,25.3,1.1045044660568237
13.9,25.3,1.1027026176452637
17.9,25.3,1.1027026176452637
18.4,25.3,1.1045044660568237
8.8,25.3,1.1045044660568237
15.8,25.3,1.1063061952590942
17.9,25.3,1.1063061952590942
17.9,25.3,1.1045044660568237
16.2,25.4,1.1045044660568237
20.0,25.4,1.1045044660568237
13.9,25.4,1.1045044660568237
24.4,25.4,1.1045044660568237
13.9,25.4,1.1045044660568237
23.8,25.4,1.1045044660568237
24.4,25.3,1.1045044660568237
16.7,25.3,1.1063061952590942
27.5,25.3,1.1027026176452637
20.5,25.3,1.1027026176452637
18.9,25.3,1.1063061952590942
17.9,25.3,1.1063061952590942
18.4,25.3,1.1063061952590942
22.5,25.3,1.1027026176452637
20.0,25.3,1.1045044660568237
33.3,25.3,1.1063061952590942
29.7,25.3,1.1063061952590942
15.4,25.3,1.1063061952590942
17.9,25.3,1.1081080436706543
17.5,25.3,1.1045044660568237
15.8,25.3,1.1063061952590942
15.4,25.3,1.1045044660568237
17.9,25.3,1.1045044660568237
15.8,25.3,1.1063061952590942
26.2,25.3,1.1045044660568237
16.2,25.3,1.1027026176452637
17.9,25.3,1.0927927494049072
19.5,25.3,1.1027026176452637
35.9,25.3,1.1027026176452637
42.1,25.3,1.1027026176452637
45.0,25.4,1.1009008884429932
45.0,25.4,1.1009008884429932
42.1,25.4,1.1009008884429932
40.5,25.4,1.1009008884429932
46.3,25.4,1.1009008884429932
39.5,25.4,1.099099040031433
50.0,25.4,1.1027026176452637
40.5,25.4,1.1009008884429932
43.6,25.4,1.1009008884429932
43.6,25.4,1.1009008884429932
42.5,25.4,1.1009008884429932
47.6,25.4,1.1009008884429932
45.0,25.4,1.1009008884429932
46.3,25.4,1.1027026176452637
46.3,25.4,1.1027026176452637
45.0,25.4,1.1009008884429932
51.2,25.4,1.1027026176452637
43.6,25.4,1.1045044660568237
39.5,25.4,1.1027026176452637
19.5,23.9,1.1027026176452637
17.9,23.9,1.1045044660568237
15.4,23.9,1.1027026176452637
17.5,23.9,1.1045044660568237
23.3,23.9,1.1027026176452637
17.5,23.9,1.1027026176452637
17.5,23.9,1.1045044660568237
10.8,23.9,1.1045044660568237
15.4,23.9,1.1027026176452637
20.0,23.9,1.1027026176452637
20.0,23.9,1.1081080436706543
15.8,23.9,1.0945944786071777
15.4,23.9,1.0981981754302979
17.5,23.9,1.1081080436706543
19.5,23.9,1.1045044660568237
15.4,23.9,1.1045044660568237
15.4,23.9,1.1045044660568237
12.8,23.9,1.1045044660568237
13.2,23.9,1.1027026176452637
22.5,23.9,1.1045044660568237
20.5,23.9,1.1063061952590942
32.6,23.9,1.1045044660568237
15.8,23.9,1.1045044660568237
17.5,23.9,1.1045044660568237
15.4,23.9,1.1045044660568237
23.3,23.9,1.1027026176452637
15.4,23.9,1.1045044660568237
19.5,23.9,1.1063061952590942
15.4,23.9,1.1063061952590942
15.4,23.9,1.1063061952590942
10.5,23.9,1.1063061952590942
15.4,23.9,1.1063061952590942
15.4,23.9,1.1063061952590942
13.2,23.9,1.1063061952590942
15.4,23.9,1.1045044660568237
12.8,23.9,1.1045044660568237
18.4,23.9,1.1081080436706543
21.4,23.9,1.1045044660568237
10.8,23.9,1.1045044660568237
19.5,23.9,1.1081080436706543
17.5,23.9,1.1063061952590942
17.5,23.9,1.1063061952590942
19.0,23.9,1.1045044660568237
22.0,23.9,1.1063061952590942
15.0,23.9,1.1045044660568237
15.4,23.9,1.1045044660568237
13.2,23.9,1.1045044660568237
19.5,23.9,1.1063061952590942
17.1,23.9,1.1063061952590942
13.2,23.9,1.1063061952590942
17.5,23.9,1.1063061952590942
21.4,23.9,1.1063061952590942
17.5,23.9,1.0981981754302979
15.4,23.9,1.0945944786071777
20.9,23.9,1.099099040031433
17.5,23.9,1.1027026176452637
17.5,23.9,1.1027026176452637
15.4,23.9,1.1027026176452637
18.4,23.9,1.1045044660568237
19.5,23.9,1.1027026176452637
8.3,23.9,1.1027026176452637
19.5,23.9,1.1027026176452637
17.5,23.9,1.1027026176452637
17.5,23.9,1.1045044660568237
21.4,23.9,1.1027026176452637
17.9,23.9,1.1027026176452637
20.5,23.9,1.1045044660568237
15.4,23.9,1.1027026176452637
13.2,23.9,1.1027026176452637
17.5,23.9,1.1045044660568237
10.5,23.9,1.1045044660568237
13.2,23.9,1.1027026176452637
15.4,23.9,1.1027026176452637
15.4,23.9,1.1027026176452637
17.5,23.9,1.1027026176452637
13.2,23.9,1.1027026176452637
10.8,23.9,1.1027026176452637
25.0,23.9,1.1027026176452637
19.5,23.9,1.1027026176452637
13.2,23.9,1.1027026176452637
23.3,23.9,1.1027026176452637
15.4,23.9,1.1045044660568237
19.5,23.9,1.1045044660568237
13.2,23.9,1.1027026176452637
8.3,23.9,1.1027026176452637
19.5,23.9,1.1045044660568237
15.4,23.9,1.1045044660568237
19.5,23.9,1.1027026176452637
17.5,23.9,1.1027026176452637
17.5,23.9,1.1027026176452637
21.4,23.9,1.1027026176452637
13.2,23.9,1.1027026176452637
25.0,23.9,1.1009008884429932
10.8,23.9,1.1027026176452637
10.8,23.9,1.1027026176452637
19.5,23.9,1.1045044660568237
20.5,23.9,1.1027026176452637
10.8,23.9,1.1027026176452637
23.3,23.9,1.1027026176452637
19.5,23.9,1.1009008884429932
13.2,23.9,1.1027026176452637
19.5,23.9,1.1045044660568237
15.4,23.9,1.1045044660568237
20.0,23.9,1.1045044660568237
22.0,23.9,1.1045044660568237
25.0,23.9,1.1027026176452637
13.5,23.9,1.1027026176452637
17.5,23.9,1.1027026176452637
10.8,23.9,1.1027026176452637
15.4,23.9,1.1027026176452637
13.2,23.9,1.1027026176452637
20.0,23.9,1.1045044660568237
17.9,23.9,1.1027026176452637
15.4,23.9,1.1027026176452637
19.5,23.9,1.1027026176452637
21.4,23.9,1.1027026176452637
15.4,23.9,1.1027026176452637
15.4,23.9,1.1009008884429932
15.4,23.9,1.1009008884429932
17.9,23.9,1.1045044660568237
16.2,23.9,1.1027026176452637
21.4,23.9,1.1027026176452637
13.2,23.9,1.1027026176452637
15.4,23.9,1.1027026176452637
13.2,23.9,1.1027026176452637
17.5,23.9,1.1045044660568237
17.5,23.9,1.1027026176452637
15.4,23.9,1.1027026176452637
15.4,23.9,1.1027026176452637
15.4,23.9,1.1009008884429932
21.4,23.9,1.1027026176452637
17.5,23.9,1.1027026176452637
15.4,23.9,1.1027026176452637
15.4,23.9,1.1027026176452637
21.4,23.9,1.1045044660568237
15.8,23.9,1.1045044660568237
19.0,23.9,1.1009008884429932
8.3,23.9,1.1027026176452637
15.4,23.9,1.1027026176452637
19.0,23.9,1.1009008884429932
10.8,23.9,1.1027026176452637
22.5,23.9,1.1027026176452637
23.1,23.9,1.1045044660568237
21.4,23.9,1.1027026176452637
15.4,23.9,1.1027026176452637
15.4,23.9,1.1045044660568237
