0.0,0.0,0.0
16.7,24.4,1.1162161827087402
21.6,24.4,1.1144143342971802
23.3,24.4,1.1144143342971802
17.5,24.4,1.1144143342971802
20.5,24.4,1.1162161827087402
23.1,24.4,1.1180179119110107
13.5,24.4,1.1180179119110107
15.8,24.4,1.1162161827087402
17.9,24.4,1.1162161827087402
10.5,24.4,1.1144143342971802
10.5,24.4,1.1144143342971802
15.4,24.4,1.1144143342971802
13.2,24.4,1.1144143342971802
19.5,24.4,1.1162161827087402
19.5,24.4,1.1144143342971802
17.5,24.4,1.1144143342971802
17.5,24.4,1.1144143342971802
15.4,24.4,1.1162161827087402
10.8,24.4,1.1144143342971802
15.8,24.4,1.1144143342971802
15.4,24.4,1.1009008884429932
13.2,24.4,1.1081080436706543
15.8,24.2,1.109009027481079
21.4,24.2,1.1081080436706543
19.5,24.2,1.109009027481079
15.8,24.3,1.109009027481079
17.9,24.3,1.1081080436706543
13.5,24.3,1.109009027481079
15.4,24.2,1.109009027481079
15.8,24.2,1.1081080436706543
15.4,24.2,1.109009027481079
17.9,24.2,1.109009027481079
13.2,24.3,1.109009027481079
13.5,24.2,1.1081080436706543
13.2,24.2,1.1081080436706543
20.0,24.3,1.109009027481079
17.9,24.3,1.1081080436706543
15.4,24.2,1.109009027481079
13.2,24.2,1.1081080436706543
20.0,24.3,1.1081080436706543
13.2,24.2,1.109009027481079
17.9,24.3,1.109009027481079
17.9,24.3,1.1081080436706543
21.4,24.3,1.1081080436706543
11.1,24.3,1.109009027481079
13.2,24.3,1.109009027481079
13.5,24.3,1.1081080436706543
22.0,24.3,1.1081080436706543
17.5,24.3,1.109009027481079
25.6,24.3,1.109009027481079
22.0,24.3,1.1081080436706543
15.8,24.3,1.1081080436706543
17.5,24.3,1.109009027481079
17.9,24.3,1.109009027481079
13.2,24.3,1.1081080436706543
23.8,24.3,1.1081080436706543
25.6,24.3,1.1081080436706543
15.4,24.3,1.1081080436706543
23.8,24.3,1.1081080436706543
20.0,24.3,1.1081080436706543
19.5,24.3,1.1081080436706543
22.0,24.3,1.109009027481079
13.5,24.3,1.109009027481079
19.5,24.3,1.1108107566833496
15.4,24.3,1.109009027481079
25.6,24.3,1.1081080436706543
20.5,24.3,1.1081080436706543
30.2,24.3,1.1081080436706543
20.0,24.3,1.109009027481079
23.3,24.4,1.1081080436706543
22.5,24.4,1.1081080436706543
22.5,24.3,1.1081080436706543
15.8,24.3,1.109009027481079
23.3,24.4,1.1081080436706543
21.4,24.3,1.1081080436706543
20.0,24.3,1.109009027481079
13.5,24.3,1.109009027481079
15.4,24.3,1.1081080436706543
20.5,24.3,1.1081080436706543
20.5,24.3,1.109009027481079
22.0,24.4,1.1081080436706543
22.0,24.4,1.109009027481079
20.0,24.3,1.109009027481079
19.5,24.4,1.1081080436706543
13.5,24.4,1.1081080436706543
13.2,24.3,1.1081080436706543
8.3,24.3,1.109009027481079
25.0,24.3,1.1108107566833496
22.0,24.3,1.1081080436706543
15.8,24.3,1.1081080436706543
21.4,24.3,1.1081080436706543
22.0,24.3,1.109009027481079
17.9,24.3,1.109009027481079
15.4,24.3,1.109009027481079
15.4,24.3,1.109009027481079
17.9,24.3,1.1081080436706543
17.5,24.3,1.1081080436706543
17.9,24.3,1.1081080436706543
22.0,24.3,1.1081080436706543
17.5,24.4,1.1081080436706543
22.0,24.3,1.1081080436706543
17.5,24.3,1.1081080436706543
22.0,24.3,1.1081080436706543
19.5,24.4,1.1081080436706543
11.1,24.3,1.1081080436706543
17.5,24.3,1.109009027481079
17.9,24.4,1.1081080436706543
15.4,24.3,1.1081080436706543
17.9,24.3,1.109009027481079
26.8,24.4,1.109009027481079
23.8,24.3,1.1081080436706543
20.0,24.3,1.1063061952590942
23.3,24.3,1.1081080436706543
20.0,24.3,1.1081080436706543
22.0,24.3,1.1081080436706543
19.5,24.3,1.1081080436706543
23.8,24.3,1.1081080436706543
28.6,24.3,1.109009027481079
15.8,24.3,1.1081080436706543
19.5,24.3,1.1081080436706543
13.5,24.3,1.1081080436706543
17.5,24.4,1.1081080436706543
23.8,24.3,1.1081080436706543
15.4,24.3,1.1081080436706543
21.4,24.3,1.1081080436706543
17.9,24.3,1.1081080436706543
26.7,24.3,1.1081080436706543
13.2,24.3,1.1081080436706543
23.8,24.3,1.1081080436706543
13.2,24.3,1.1081080436706543
17.5,24.3,1.1063061952590942
20.0,24.3,1.1081080436706543
23.1,24.3,1.109009027481079
21.4,24.3,1.1081080436706543
13.5,24.3,1.1081080436706543
17.5,24.3,1.1081080436706543
15.8,24.3,1.1081080436706543
15.4,24.3,1.1081080436706543
17.5,24.3,1.1081080436706543
17.5,24.3,1.1081080436706543
13.5,24.4,1.1081080436706543
28.6,24.4,1.1081080436706543
17.5,24.4,1.1081080436706543
15.8,24.4,1.1081080436706543
8.1,24.3,1.1081080436706543
11.1,24.4,1.1081080436706543
10.8,24.4,1.1081080436706543
17.9,24.4,1.1081080436706543
21.4,24.4,1.1081080436706543
12.1,24.4,1.109009027481079
17.5,24.4,1.1081080436706543
15.4,24.4,1.1081080436706543
15.4,24.4,1.1081080436706543
15.4,24.4,1.1081080436706543
15.4,24.4,1.1081080436706543
13.5,24.4,1.1126126050949097
15.4,24.4,1.1126126050949097
15.4,24.4,1.1126126050949097
21.4,24.4,1.1081080436706543
21.4,24.4,1.1081080436706543
19.5,24.4,1.1081080436706543
15.4,24.4,1.1126126050949097
23.8,24.4,1.109009027481079
15.8,24.4,1.1108107566833496
15.8,24.4,1.1108107566833496
10.8,24.4,1.109009027481079
10.8,24.4,1.109009027481079
15.4,24.4,1.109009027481079
17.9,24.4,1.109009027481079
17.9,24.4,1.109009027481079
17.9,24.4,1.1081080436706543
17.9,24.4,1.1081080436706543
27.5,24.4,1.1108107566833496
27.5,24.4,1.1108107566833496
22.5,24.4,1.109009027481079
15.4,24.4,1.109009027481079
15.4,24.4,1.1081080436706543
13.5,24.4,1.109009027481079
13.2,24.4,1.109009027481079
26.2,24.4,1.1108107566833496
11.4,24.4,1.109009027481079
27.5,24.4,1.1108107566833496
25.0,24.4,1.1108107566833496
24.4,24.4,1.109009027481079
5.9,24.4,1.1108107566833496
22.0,24.4,1.109009027481079
17.5,24.4,1.1108107566833496
15.4,24.4,1.1108107566833496
15.8,24.4,1.109009027481079
21.4,24.4,1.109009027481079
17.9,24.4,1.1108107566833496
21.4,24.4,1.1108107566833496
20.0,24.4,1.1108107566833496
17.5,24.4,1.1108107566833496
17.5,24.4,1.1108107566833496
17.9,24.4,1.1108107566833496
15.8,24.4,1.109009027481079
24.4,24.4,1.1108107566833496
22.0,24.4,1.1126126050949097
13.5,24.4,1.1009008884429932
17.9,24.4,1.0981981754302979
26.2,24.4,1.1081080436706543
17.5,24.4,1.1081080436706543
17.5,24.4,1.1081080436706543
17.9,24.4,1.1081080436706543
15.4,24.4,1.1081080436706543
20.0,24.4,1.1081080436706543
19.5,24.4,1.1063061952590942
15.8,24.4,1.1063061952590942
13.2,24.4,1.1081080436706543
13.5,24.4,1.1081080436706543
17.5,24.4,1.1081080436706543
17.9,24.4,1.1063061952590942
5.7,24.4,1.1081080436706543
15.8,24.4,1.1081080436706543
10.8,24.4,1.1081080436706543
17.9,24.4,1.1081080436706543
17.9,24.4,1.1081080436706543
13.2,24.4,1.1063061952590942
20.0,24.4,1.1081080436706543
15.4,24.4,1.1063061952590942
13.5,24.4,1.1081080436706543
13.2,24.4,1.1063061952590942
15.8,24.4,1.1081080436706543
17.5,24.4,1.1081080436706543
17.9,24.4,1.1081080436706543
17.5,24.4,1.1063061952590942
25.0,24.4,1.1081080436706543
17.9,24.4,1.1063061952590942
17.5,24.4,1.1081080436706543
22.0,24.4,1.1081080436706543
15.8,24.4,1.1081080436706543
13.2,24.4,1.1081080436706543
11.1,24.4,1.1063061952590942
25.0,24.4,1.1081080436706543
25.6,24.4,1.1081080436706543
17.9,24.4,1.1081080436706543
21.4,24.4,1.1081080436706543
13.5,24.4,1.1081080436706543
19.5,24.4,1.1081080436706543
15.4,24.4,1.1126126050949097
15.8,24.4,1.1108107566833496
25.6,24.4,1.1108107566833496
21.6,24.4,1.109009027481079
33.3,24.4,1.109009027481079
27.5,24.4,1.109009027481079
25.0,24.4,1.1108107566833496
30.2,24.4,1.1108107566833496
21.1,24.4,1.1081080436706543
11.1,24.4,1.109009027481079
10.8,24.4,1.109009027481079
17.5,24.4,1.109009027481079
13.2,24.4,1.1081080436706543
15.4,24.4,1.109009027481079
19.5,24.4,1.109009027481079
17.9,24.4,1.1081080436706543
21.4,24.4,1.1081080436706543
17.9,24.4,1.109009027481079
11.1,24.4,1.1081080436706543
10.8,24.4,1.1108107566833496
25.6,24.4,1.1108107566833496
17.5,24.4,1.1108107566833496
20.0,24.4,1.1108107566833496
20.5,24.4,1.1108107566833496
17.9,24.4,1.109009027481079
23.3,24.4,1.109009027481079
23.3,24.4,1.1081080436706543
21.4,24.4,1.1108107566833496
20.0,24.4,1.109009027481079
17.5,24.4,1.1108107566833496
15.8,24.4,1.109009027481079
23.8,24.4,1.109009027481079
24.4,24.4,1.109009027481079
20.0,24.4,1.109009027481079
17.5,24.4,1.109009027481079
10.8,24.4,1.109009027481079
13.5,24.4,1.1108107566833496
23.3,24.4,1.1108107566833496
15.8,24.4,1.109009027481079
20.5,24.4,1.1108107566833496
20.0,24.4,1.1108107566833496
15.8,24.4,1.1108107566833496
19.5,24.4,1.109009027481079
13.2,24.4,1.1108107566833496
15.4,24.4,1.099099040031433
17.5,24.4,1.1045044660568237
17.9,24.4,1.1126126050949097
15.4,24.4,1.1126126050949097
8.3,24.4,1.1108107566833496
15.8,24.4,1.1108107566833496
15.8,24.4,1.109009027481079
19.5,24.4,1.109009027481079
22.0,24.4,1.1081080436706543
10.8,24.4,1.109009027481079
21.1,24.4,1.109009027481079
23.1,24.4,1.109009027481079
28.9,24.4,1.1081080436706543
19.5,24.4,1.109009027481079
15.8,24.4,1.1081080436706543
20.0,24.4,1.1081080436706543
19.5,24.4,1.1081080436706543
13.9,24.4,1.1081080436706543
11.1,24.4,1.1063061952590942
26.8,24.4,1.109009027481079
20.0,24.4,1.1081080436706543
25.6,24.4,1.1081080436706543
15.8,24.4,1.1081080436706543
21.4,24.4,1.1081080436706543
10.8,24.4,1.109009027481079
17.9,24.4,1.109009027481079
15.4,24.4,1.1081080436706543
25.6,24.4,1.109009027481079
23.8,24.4,1.1081080436706543
21.4,24.4,1.109009027481079
17.9,24.4,1.109009027481079
19.5,24.4,1.1081080436706543
22.0,24.4,1.109009027481079
17.5,24.4,1.109009027481079
13.5,24.4,1.1081080436706543
10.8,24.4,1.109009027481079
22.0,24.4,1.109009027481079
27.3,24.4,1.1081080436706543
13.2,24.4,1.109009027481079
15.8,24.4,1.109009027481079
17.5,24.4,1.109009027481079
17.9,24.4,1.1081080436706543
25.0,24.4,1.1081080436706543
22.0,24.4,1.109009027481079
23.3,24.4,1.1081080436706543
23.3,24.4,1.109009027481079
17.9,24.4,1.109009027481079
23.3,24.4,1.109009027481079
27.3,24.4,1.1081080436706543
20.0,24.4,1.1081080436706543
15.4,24.4,1.1081080436706543
27.3,24.4,1.109009027481079
20.0,24.4,1.1081080436706543
19.5,24.4,1.109009027481079
15.4,24.4,1.109009027481079
15.8,24.4,1.1081080436706543
13.2,24.4,1.1081080436706543
13.2,24.4,1.1081080436706543
23.8,24.4,1.1081080436706543
21.4,24.4,1.109009027481079
10.8,24.4,1.1081080436706543
22.0,24.4,1.1063061952590942
13.2,24.4,1.1081080436706543
17.9,24.4,1.109009027481079
15.4,24.4,1.1063061952590942
23.8,24.4,1.109009027481079
15.4,24.4,1.1081080436706543
22.0,24.4,1.109009027481079
17.9,24.4,1.1081080436706543
19.5,24.4,1.1081080436706543
17.5,24.4,1.1063061952590942
19.5,24.4,1.1081080436706543
15.8,24.4,1.109009027481079
22.0,24.4,1.109009027481079
19.5,24.4,1.1081080436706543
21.4,24.4,1.109009027481079
25.6,24.4,1.1063061952590942
24.4,24.4,1.109009027481079
16.2,24.4,1.109009027481079
20.0,24.4,1.109009027481079
19.5,24.4,1.109009027481079
25.6,24.4,1.1081080436706543
15.4,24.4,1.1081080436706543
19.5,24.4,1.1063061952590942
23.3,24.4,1.109009027481079
28.2,24.4,1.1081080436706543
19.5,24.4,1.1081080436706543
15.8,24.4,1.109009027481079
19.5,24.4,1.109009027481079
23.8,24.4,1.109009027481079
15.4,24.4,1.109009027481079
27.3,24.4,1.1081080436706543
17.9,24.4,1.109009027481079
25.6,24.4,1.1108107566833496
15.8,24.4,1.109009027481079
25.6,24.4,1.109009027481079
15.4,24.4,1.1081080436706543
17.9,24.4,1.109009027481079
15.4,24.4,1.1081080436706543
21.4,24.4,1.109009027481079
27.3,24.4,1.109009027481079
24.4,24.4,1.1108107566833496
20.0,24.4,1.1108107566833496
22.0,24.4,1.1108107566833496
23.3,24.4,1.1108107566833496
19.5,24.4,1.1108107566833496
19.5,24.4,1.109009027481079
15.8,24.4,1.109009027481079
23.3,24.4,1.109009027481079
13.2,24.4,1.1108107566833496
17.9,24.4,1.109009027481079
17.9,24.4,1.109009027481079
20.0,24.4,1.109009027481079
13.2,24.4,1.099099040031433
17.9,24.4,1.1027026176452637
10.8,24.4,1.1081080436706543
20.0,24.4,1.1063061952590942
27.5,24.4,1.1063061952590942
18.4,24.4,1.1063061952590942
17.9,24.4,1.1081080436706543
21.4,24.4,1.1063061952590942
27.3,24.4,1.1063061952590942
25.0,24.4,1.1063061952590942
13.5,24.4,1.1063061952590942
19.5,24.4,1.1063061952590942
18.9,24.4,1.1081080436706543
17.9,24.4,1.1063061952590942
26.7,24.4,1.1081080436706543
13.5,24.4,1.1063061952590942
19.5,24.4,1.1081080436706543
19.5,24.4,1.1063061952590942
15.8,24.4,1.1063061952590942
21.4,24.4,1.1063061952590942
21.4,24.4,1.1081080436706543
8.3,24.4,1.1063061952590942
15.4,24.4,1.1063061952590942
19.5,24.4,1.1063061952590942
21.4,24.4,1.1063061952590942
19.5,24.4,1.1063061952590942
13.5,24.4,1.1081080436706543
26.8,24.4,1.1081080436706543
17.5,24.4,1.1063061952590942
19.5,24.4,1.1063061952590942
17.5,24.4,1.1063061952590942
17.5,24.4,1.1063061952590942
8.3,24.4,1.1063061952590942
17.9,24.4,1.1063061952590942
23.3,24.4,1.1045044660568237
17.5,24.4,1.1081080436706543
20.0,24.4,1.1063061952590942
13.2,24.4,1.1063061952590942
17.9,24.4,1.1063061952590942
25.0,24.4,1.1063061952590942
25.0,24.4,1.1063061952590942
15.4,24.4,1.1063061952590942
15.8,24.4,1.1063061952590942
19.5,24.4,1.1063061952590942
27.3,24.4,1.1063061952590942
13.2,24.4,1.1063061952590942
25.0,24.4,1.1063061952590942
17.5,24.4,1.1045044660568237
17.5,24.4,1.1063061952590942
17.5,24.4,1.1045044660568237
22.0,24.4,1.1063061952590942
15.4,24.4,1.1063061952590942
15.4,24.4,1.1063061952590942
15.4,24.4,1.1045044660568237
17.5,24.4,1.1063061952590942
20.0,24.4,1.1063061952590942
23.3,24.4,1.1063061952590942
21.4,24.4,1.1063061952590942
23.8,24.4,1.1081080436706543
19.5,24.4,1.1063061952590942
25.6,24.4,1.1063061952590942
19.5,24.4,1.1063061952590942
15.4,24.4,1.1063061952590942
17.9,24.4,1.1063061952590942
19.5,24.4,1.1063061952590942
21.4,24.4,1.1045044660568237
27.3,24.4,1.1063061952590942
17.5,24.4,1.1063061952590942
23.8,24.4,1.1045044660568237
17.5,24.4,1.1063061952590942
21.4,24.4,1.1063061952590942
15.4,24.4,1.1063061952590942
23.8,24.4,1.1063061952590942
19.5,24.4,1.1063061952590942
22.0,24.4,1.1063061952590942
17.5,24.4,1.1063061952590942
25.0,24.4,1.1063061952590942
15.4,24.4,1.1063061952590942
20.0,24.4,1.1063061952590942
13.5,24.4,1.1045044660568237
15.4,24.4,1.1063061952590942
15.4,24.4,1.1063061952590942
21.4,24.4,1.1063061952590942
17.5,24.4,1.1063061952590942
28.6,24.4,1.1081080436706543
20.5,24.4,1.1063061952590942
17.9,24.4,1.1063061952590942
17.9,24.4,1.1063061952590942
28.9,24.4,1.1081080436706543
15.4,24.4,1.1063061952590942
8.6,24.4,1.1063061952590942
13.2,24.4,1.1063061952590942
15.8,24.4,1.1063061952590942
10.8,24.4,1.1063061952590942
20.0,24.4,1.1063061952590942
13.2,24.4,1.1063061952590942
17.9,24.4,1.1063061952590942
15.4,24.4,1.1063061952590942
20.0,24.4,1.1063061952590942
15.4,24.4,1.1063061952590942
15.8,24.4,1.1081080436706543
23.3,24.4,1.1081080436706543
13.5,24.4,1.1063061952590942
21.4,24.4,1.1063061952590942
22.0,24.4,1.1081080436706543
13.2,24.4,1.1045044660568237
21.1,24.4,1.1063061952590942
21.4,24.4,1.1063061952590942
22.0,24.4,1.1063061952590942
22.0,24.4,1.1063061952590942
13.2,24.4,1.1063061952590942
15.4,24.4,1.1063061952590942
15.4,24.4,1.1081080436706543
13.5,24.4,1.1063061952590942
19.5,24.4,1.1063061952590942
21.1,24.4,1.1063061952590942
3.0,24.4,1.1063061952590942
10.8,24.4,1.1063061952590942
17.9,24.4,1.1063061952590942
19.5,24.4,1.1063061952590942
17.9,24.4,1.1063061952590942
20.0,24.4,1.1063061952590942
17.5,24.4,1.1063061952590942
17.9,24.4,1.1063061952590942
10.8,24.4,1.1063061952590942
13.5,24.4,1.1045044660568237
21.4,24.4,1.1081080436706543
15.8,24.4,1.1063061952590942
13.2,24.4,1.1063061952590942
20.0,24.4,1.1081080436706543
18.9,24.4,1.1045044660568237
15.8,24.4,1.1063061952590942
19.5,24.4,1.1108107566833496
25.6,24.4,1.099099040031433
15.8,24.4,1.1027026176452637
10.8,24.4,1.109009027481079
22.0,24.4,1.1063061952590942
10.8,24.4,1.1063061952590942
19.5,24.4,1.1081080436706543
13.2,24.4,1.1063061952590942
20.0,24.4,1.1081080436706543
13.2,24.4,1.1081080436706543
19.5,24.4,1.1081080436706543
15.4,24.4,1.1063061952590942
20.0,24.4,1.1081080436706543
15.4,24.4,1.1081080436706543
13.2,24.4,1.1081080436706543
15.4,24.4,1.1081080436706543
17.9,24.4,1.1081080436706543
21.4,24.4,1.1081080436706543
10.8,24.4,1.1063061952590942
20.0,24.4,1.1081080436706543
15.4,24.4,1.109009027481079
13.2,24.4,1.1081080436706543
13.5,24.4,1.109009027481079
15.4,24.4,1.1081080436706543
13.5,24.4,1.109009027481079
10.8,24.4,1.109009027481079
25.0,24.4,1.1108107566833496
15.8,24.4,1.109009027481079
13.5,24.4,1.1081080436706543
13.2,24.4,1.1081080436706543
19.5,24.4,1.109009027481079
15.4,24.4,1.1081080436706543
11.1,24.4,1.1081080436706543
17.1,24.4,1.1081080436706543
13.2,24.4,1.109009027481079
17.9,24.4,1.1081080436706543
13.2,24.4,1.109009027481079
10.8,24.4,1.109009027481079
10.8,24.4,1.109009027481079
19.5,24.4,1.109009027481079
20.0,24.4,1.1081080436706543
17.5,24.4,1.109009027481079
15.4,24.4,1.109009027481079
17.5,24.4,1.1081080436706543
17.5,24.4,1.1009008884429932
17.5,24.4,1.0981981754302979
15.8,24.4,1.1027026176452637
15.8,24.4,1.1063061952590942
17.5,24.4,1.1063061952590942
26.2,24.4,1.1063061952590942
17.9,24.4,1.1063061952590942
13.2,24.4,1.1081080436706543
15.8,24.4,1.1063061952590942
17.5,24.4,1.1063061952590942
15.4,24.4,1.1063061952590942
17.9,24.4,1.1063061952590942
19.5,24.4,1.1063061952590942
18.9,24.4,1.1081080436706543
19.5,24.4,1.1081080436706543
10.8,24.4,1.1045044660568237
15.4,24.4,1.1063061952590942
22.0,24.4,1.1063061952590942
19.5,24.4,1.1045044660568237
17.5,24.4,1.1045044660568237
13.2,24.4,1.1063061952590942
25.6,24.4,1.1081080436706543
17.5,24.4,1.1063061952590942
22.0,24.4,1.1045044660568237
17.5,24.4,1.1063061952590942
21.4,24.4,1.1063061952590942
13.2,24.4,1.1063061952590942
22.0,24.4,1.1045044660568237
21.4,24.4,1.1063061952590942
16.7,24.4,1.1045044660568237
13.2,24.4,1.1063061952590942
15.8,24.4,1.1063061952590942
29.8,24.4,1.1063061952590942
15.8,24.4,1.1081080436706543
19.5,24.4,1.1045044660568237
19.5,24.4,1.1045044660568237
17.9,24.4,1.1045044660568237
22.5,24.4,1.1063061952590942
10.8,24.4,1.1045044660568237
13.2,24.4,1.1063061952590942
21.4,24.4,1.109009027481079
17.9,24.4,1.1081080436706543
19.5,24.4,1.1081080436706543
13.5,24.4,1.1081080436706543
13.5,24.4,1.1063061952590942
15.8,24.4,1.109009027481079
27.9,24.4,1.1081080436706543
21.4,24.4,1.1081080436706543
17.9,24.4,1.1063061952590942
15.4,24.4,1.1081080436706543
15.4,24.4,1.1081080436706543
23.3,24.4,1.1063061952590942
17.5,24.4,1.1063061952590942
22.0,24.4,1.1081080436706543
13.2,24.4,1.1081080436706543
19.5,24.4,1.1081080436706543
25.6,24.4,1.1081080436706543
19.5,24.4,1.1081080436706543
17.5,24.4,1.1063061952590942
15.8,24.4,1.1063061952590942
20.5,24.4,1.109009027481079
17.9,24.4,1.1081080436706543
13.5,24.4,1.1081080436706543
10.8,24.4,1.1081080436706543
17.9,24.4,1.1081080436706543
17.5,24.4,1.109009027481079
15.4,24.4,1.1081080436706543
10.8,24.4,1.109009027481079
17.9,24.4,1.1081080436706543
15.4,24.4,1.1081080436706543
15.4,24.4,1.109009027481079
13.5,24.4,1.1081080436706543
13.2,24.4,1.1081080436706543
19.5,24.4,1.1081080436706543
21.4,24.4,1.109009027481079
23.1,24.4,1.109009027481079
22.0,24.4,1.1081080436706543
17.5,24.4,1.109009027481079
8.6,24.4,1.109009027481079
13.2,24.4,1.109009027481079
25.0,24.4,1.109009027481079
17.9,24.4,1.0963963270187378
17.5,24.4,1.1027026176452637
28.6,24.4,1.1108107566833496
26.2,24.4,1.1126126050949097
21.4,24.4,1.1108107566833496
20.0,24.4,1.1081080436706543
17.5,24.4,1.1081080436706543
17.9,24.4,1.1063061952590942
19.5,24.4,1.1081080436706543
15.8,24.4,1.1081080436706543
17.5,24.4,1.1081080436706543
22.0,24.4,1.1081080436706543
25.6,24.4,1.1081080436706543
25.0,24.4,1.1063061952590942
22.0,24.4,1.1081080436706543
22.0,24.4,1.1081080436706543
23.3,24.4,1.1081080436706543
21.1,24.4,1.1063061952590942
27.9,24.4,1.1063061952590942
15.4,24.4,1.1063061952590942
8.6,24.4,1.1081080436706543
21.4,24.4,1.1063061952590942
28.3,24.4,1.1081080436706543
22.0,24.4,1.1081080436706543
15.4,24.4,1.1081080436706543
10.8,24.4,1.1063061952590942
8.6,24.4,1.1081080436706543
21.4,24.4,1.1081080436706543
15.4,24.4,1.1063061952590942
19.5,24.4,1.1081080436706543
17.9,24.4,1.1081080436706543
17.9,24.4,1.1063061952590942
21.1,24.4,1.1063061952590942
15.4,24.4,1.1063061952590942
8.6,24.4,1.1063061952590942
25.0,24.4,1.1063061952590942
23.8,24.4,1.1063061952590942
19.5,24.4,1.1081080436706543
19.5,24.4,1.1063061952590942
22.0,24.4,1.1081080436706543
18.4,24.4,1.1063061952590942
21.4,24.4,1.1081080436706543
10.8,24.4,1.1081080436706543
13.2,24.4,1.1081080436706543
17.9,24.4,1.1063061952590942
22.0,24.4,1.1063061952590942
17.5,24.4,1.1081080436706543
20.5,24.4,1.1063061952590942
20.5,24.4,1.1063061952590942
18.4,24.4,1.1063061952590942
22.0,24.4,1.1081080436706543
23.8,24.4,1.1063061952590942
17.5,24.4,1.1063061952590942
17.5,24.4,1.1063061952590942
15.8,24.4,1.1063061952590942
15.4,24.4,1.1063061952590942
11.1,24.4,1.1081080436706543
15.8,24.4,1.1081080436706543
22.0,24.4,1.1081080436706543
15.4,24.4,1.1063061952590942
17.9,24.4,1.1081080436706543
19.5,24.4,1.1063061952590942
11.1,24.4,1.1081080436706543
10.8,24.4,1.1063061952590942
17.9,24.4,1.1081080436706543
13.2,24.4,1.1081080436706543
13.2,24.4,1.1063061952590942
15.4,24.4,1.1063061952590942
13.5,24.4,1.1081080436706543
13.9,24.4,1.1063061952590942
26.8,24.4,1.1081080436706543
22.5,24.4,1.1081080436706543
15.8,24.4,1.1081080436706543
17.5,24.4,1.1063061952590942
17.5,24.4,1.1081080436706543
19.5,24.4,1.1081080436706543
23.3,24.4,1.1081080436706543
20.0,24.4,1.1063061952590942
20.0,24.4,1.1081080436706543
8.3,24.4,1.1063061952590942
13.5,24.4,1.1081080436706543
15.8,24.4,1.1063061952590942
17.5,24.4,1.1081080436706543
15.4,24.4,1.109009027481079
15.8,24.4,1.1081080436706543
15.8,24.4,1.1081080436706543
23.1,24.4,1.109009027481079
11.4,24.4,1.1063061952590942
15.4,24.4,1.1063061952590942
8.3,24.4,1.1063061952590942
8.3,24.4,1.1063061952590942
8.3,24.4,1.1063061952590942
17.5,24.4,1.1081080436706543
15.8,24.4,1.1081080436706543
15.8,24.4,1.1081080436706543
17.9,24.4,1.1081080436706543
19.5,24.4,1.109009027481079
19.5,24.4,1.1081080436706543
22.0,24.4,1.1081080436706543
22.0,24.4,1.1081080436706543
17.9,24.4,1.1081080436706543
26.7,24.4,1.109009027481079
26.7,24.4,1.109009027481079
15.4,24.4,1.099099040031433
15.4,24.4,1.099099040031433
10.8,24.4,1.1045044660568237
10.8,24.4,1.1045044660568237
25.6,24.4,1.1063061952590942
17.5,24.4,1.1063061952590942
17.5,24.4,1.1063061952590942
17.5,24.4,1.1063061952590942
17.5,24.4,1.1063061952590942
17.9,24.4,1.1063061952590942
17.5,24.4,1.1063061952590942
17.5,24.4,1.1063061952590942
17.5,24.4,1.1045044660568237
17.5,24.4,1.1045044660568237
23.3,24.4,1.1045044660568237
23.3,24.4,1.1045044660568237
15.8,24.4,1.1063061952590942
15.4,24.4,1.1045044660568237
15.4,24.4,1.1045044660568237
19.5,24.4,1.1063061952590942
15.4,24.4,1.1027026176452637
27.5,24.4,1.1045044660568237
20.0,24.4,1.1063061952590942
17.9,24.4,1.1063061952590942
13.2,24.4,1.1045044660568237
13.5,24.4,1.1045044660568237
15.4,24.4,1.1045044660568237
17.9,24.4,1.1045044660568237
24.4,24.4,1.1045044660568237
18.4,24.4,1.1081080436706543
17.9,24.4,1.1063061952590942
13.2,24.4,1.1045044660568237
10.8,24.4,1.1045044660568237
22.0,24.4,1.1027026176452637
13.5,24.4,1.1045044660568237
15.8,24.4,1.1045044660568237
17.9,24.4,1.1045044660568237
23.1,24.4,1.1063061952590942
17.9,24.4,1.1045044660568237
19.5,24.4,1.1063061952590942
15.8,24.4,1.1045044660568237
13.2,24.4,1.1063061952590942
15.8,24.4,1.1045044660568237
22.5,24.4,1.1063061952590942
26.2,24.4,1.1045044660568237
34.0,24.4,1.1063061952590942
20.0,24.4,1.1045044660568237
20.0,24.4,1.1045044660568237
13.2,24.4,1.1063061952590942
13.5,24.4,1.1063061952590942
10.8,24.4,1.1027026176452637
17.9,24.4,1.1045044660568237
15.4,24.4,1.1045044660568237
17.9,24.4,1.1063061952590942
23.1,24.4,1.1063061952590942
23.1,24.4,1.1045044660568237
15.4,24.4,1.1045044660568237
22.0,24.4,1.1045044660568237
17.5,24.4,1.1045044660568237
13.5,24.4,1.1045044660568237
19.5,24.4,1.1045044660568237
17.9,24.4,1.1063061952590942
20.0,24.4,1.1081080436706543
22.5,24.4,1.1063061952590942
23.3,24.4,1.1063061952590942
22.0,24.4,1.1045044660568237
13.5,24.4,1.1063061952590942
15.4,24.4,1.1027026176452637
20.0,24.4,1.1045044660568237
17.5,24.4,1.1045044660568237
17.9,24.4,1.1045044660568237
17.9,24.4,1.1045044660568237
19.5,24.4,1.1063061952590942
17.9,24.4,1.1045044660568237
19.5,24.4,1.1063061952590942
15.8,24.4,1.1063061952590942
23.3,24.4,1.1045044660568237
23.1,24.4,1.1063061952590942
21.1,24.4,1.1063061952590942
17.9,24.4,1.1045044660568237
13.5,24.4,1.1027026176452637
17.5,24.4,1.1027026176452637
15.4,24.4,1.1027026176452637
15.8,24.4,1.1045044660568237
15.4,24.4,1.1045044660568237
22.0,24.4,1.1045044660568237
20.5,24.4,1.1045044660568237
20.0,24.4,1.1045044660568237
17.9,24.4,1.1045044660568237
20.0,24.4,1.1045044660568237
13.2,24.4,1.1027026176452637
23.8,24.4,1.1045044660568237
19.5,24.4,1.1063061952590942
21.4,24.4,1.1045044660568237
17.5,24.4,1.1045044660568237
13.2,24.4,1.1045044660568237
17.9,24.4,1.1045044660568237
17.5,24.4,1.1045044660568237
19.5,24.4,1.1045044660568237
23.3,24.4,1.1045044660568237
15.4,24.4,1.1027026176452637
17.9,24.4,1.1045044660568237
15.8,24.4,1.1045044660568237
20.0,24.4,1.1045044660568237
17.9,24.4,1.1027026176452637
13.2,24.4,1.1063061952590942
15.8,24.4,1.1045044660568237
19.5,24.4,1.1045044660568237
13.5,24.4,1.1045044660568237
15.4,24.4,1.1045044660568237
23.8,24.4,1.1045044660568237
17.5,24.4,1.1045044660568237
17.5,24.4,1.1063061952590942
17.5,24.4,1.1063061952590942
19.5,24.4,1.1045044660568237
13.5,24.4,1.1063061952590942
24.4,24.4,1.1045044660568237
20.0,24.4,1.1045044660568237
15.4,24.4,1.1045044660568237
19.5,24.4,1.1045044660568237
13.2,24.4,1.1045044660568237
17.9,24.4,1.1045044660568237
15.4,24.4,1.1045044660568237
17.9,24.4,1.1045044660568237
26.8,24.4,1.1027026176452637
20.0,24.4,1.1045044660568237
13.5,24.4,1.1045044660568237
20.0,24.4,1.109009027481079
21.4,24.4,1.0981981754302979
10.8,24.4,1.1009008884429932
17.9,24.4,1.109009027481079
20.0,24.4,1.1081080436706543
25.0,24.4,1.1045044660568237
20.0,24.4,1.1063061952590942
19.5,24.4,1.1063061952590942
13.5,24.4,1.1063061952590942
17.5,24.4,1.1063061952590942
22.0,24.4,1.1063061952590942
20.0,24.4,1.1045044660568237
20.0,24.4,1.1063061952590942
20.5,24.4,1.1063061952590942
17.5,24.4,1.1063061952590942
25.0,24.4,1.1063061952590942
26.7,24.4,1.1063061952590942
20.0,24.4,1.1063061952590942
19.5,24.4,1.1063061952590942
19.5,24.4,1.1063061952590942
13.2,24.4,1.1081080436706543
8.6,24.4,1.1063061952590942
15.4,24.4,1.1081080436706543
15.8,24.4,1.1081080436706543
15.4,24.4,1.1081080436706543
8.3,24.4,1.1063061952590942
15.4,24.4,1.1063061952590942
22.5,24.4,1.1063061952590942
26.2,24.5,1.1081080436706543
20.0,24.4,1.1063061952590942
20.0,24.4,1.1081080436706543
13.2,24.4,1.1063061952590942
17.9,24.4,1.1063061952590942
17.5,24.4,1.1081080436706543
17.9,24.4,1.1081080436706543
13.2,24.4,1.1063061952590942
15.8,24.4,1.109009027481079
17.5,24.4,1.1081080436706543
11.1,24.4,1.1063061952590942
19.5,24.4,1.1081080436706543
11.1,24.4,1.1081080436706543
15.4,24.4,1.1063061952590942
20.0,24.4,1.1081080436706543
19.5,24.4,1.1081080436706543
10.8,24.4,1.1081080436706543
22.0,24.4,1.1081080436706543
11.1,24.4,1.1081080436706543
13.2,24.4,1.1081080436706543
11.1,24.4,1.1081080436706543
13.9,24.4,1.0945944786071777
24.4,24.4,1.099099040031433
15.8,24.4,1.1027026176452637
15.8,24.4,1.1045044660568237
17.5,24.4,1.1045044660568237
20.0,24.4,1.1063061952590942
19.5,24.4,1.1045044660568237
15.8,24.4,1.1045044660568237
21.4,24.4,1.1027026176452637
17.9,24.4,1.1027026176452637
17.9,24.4,1.1027026176452637
21.4,24.4,1.1045044660568237
22.0,24.4,1.1045044660568237
23.3,24.4,1.1045044660568237
22.0,24.4,1.1045044660568237
15.4,24.4,1.1045044660568237
11.1,24.4,1.1045044660568237
13.5,24.4,1.1045044660568237
13.2,24.4,1.1027026176452637
13.5,24.4,1.1045044660568237
15.4,24.4,1.1027026176452637
23.8,24.4,1.1063061952590942
10.8,24.4,1.1045044660568237
21.1,24.4,1.1027026176452637
15.8,24.4,1.1027026176452637
13.5,24.4,1.1045044660568237
15.8,24.4,1.1045044660568237
15.4,24.4,1.1027026176452637
15.8,24.4,1.1027026176452637
17.9,24.4,1.1045044660568237
8.3,24.4,1.1027026176452637
17.9,24.4,1.1045044660568237
23.8,24.4,1.1045044660568237
20.0,24.4,1.1045044660568237
19.5,24.4,1.1045044660568237
13.2,24.4,1.1045044660568237
15.8,24.4,1.1045044660568237
13.2,24.4,1.1045044660568237
20.0,24.4,1.1027026176452637
20.0,24.4,1.1045044660568237
14.7,24.4,1.1009008884429932
19.5,24.4,1.109009027481079
10.8,24.5,1.1045044660568237
22.0,24.5,1.1045044660568237
23.3,24.5,1.1045044660568237
19.5,24.5,1.1063061952590942
17.9,24.5,1.1063061952590942
15.4,24.4,1.1063061952590942
17.9,24.4,1.1063061952590942
17.5,24.4,1.1081080436706543
22.0,24.4,1.1063061952590942
15.4,24.4,1.1063061952590942
15.8,24.4,1.1045044660568237
15.8,24.4,1.1063061952590942
17.5,24.4,1.1063061952590942
17.5,24.4,1.1063061952590942
17.5,24.4,1.1045044660568237
15.8,24.4,1.1063061952590942
23.3,24.4,1.1063061952590942
21.6,24.4,1.1045044660568237
26.8,24.5,1.1063061952590942
23.1,24.5,1.1081080436706543
23.3,24.5,1.1063061952590942
22.0,24.4,1.1063061952590942
17.5,24.4,1.1063061952590942
15.8,24.4,1.1081080436706543
10.8,24.4,1.1081080436706543
13.5,24.4,1.1063061952590942
15.4,24.4,1.1063061952590942
23.8,24.4,1.1081080436706543
13.2,24.4,1.1063061952590942
23.8,24.5,1.1081080436706543
25.6,24.5,1.1063061952590942
22.0,24.4,1.1081080436706543
22.0,24.4,1.1063061952590942
21.4,24.4,1.1063061952590942
25.6,24.4,1.1081080436706543
25.6,24.4,1.1063061952590942
20.0,24.4,1.1063061952590942
20.0,24.4,1.1063061952590942
19.5,24.4,1.1063061952590942
13.9,24.4,1.1081080436706543
15.4,24.4,1.1081080436706543
20.0,24.4,1.1063061952590942
15.8,24.4,1.1081080436706543
20.5,24.4,1.0963963270187378
23.8,24.4,1.1009008884429932
23.3,24.4,1.109009027481079
13.5,24.4,1.109009027481079
17.5,24.4,1.109009027481079
19.5,24.4,1.109009027481079
20.0,24.4,1.1045044660568237
17.9,24.4,1.1063061952590942
10.8,24.4,1.1063061952590942
17.9,24.5,1.1063061952590942
17.5,24.5,1.1045044660568237
23.3,24.5,1.1063061952590942
13.5,24.4,1.1063061952590942
17.9,24.4,1.1045044660568237
13.5,24.4,1.1081080436706543
20.5,24.4,1.1063061952590942
13.5,24.4,1.1063061952590942
17.5,24.4,1.1045044660568237
20.0,24.4,1.1045044660568237
15.4,24.4,1.1045044660568237
17.5,24.4,1.1081080436706543
15.8,24.4,1.1063061952590942
23.8,24.4,1.1045044660568237
13.2,24.4,1.1063061952590942
13.5,24.4,1.1063061952590942
8.6,24.4,1.1063061952590942
15.4,24.4,1.1063061952590942
17.5,24.4,1.1045044660568237
23.8,24.4,1.1063061952590942
24.4,24.4,1.1081080436706543
15.8,24.4,1.1063061952590942
17.9,24.4,1.1063061952590942
13.2,24.4,1.1045044660568237
15.8,24.4,1.1045044660568237
19.5,24.4,1.1045044660568237
13.5,24.4,1.1045044660568237
17.5,24.5,1.1063061952590942
23.8,24.4,1.1063061952590942
17.5,24.4,1.1063061952590942
23.8,24.5,1.1063061952590942
23.3,24.4,1.1063061952590942
15.4,24.4,1.1063061952590942
23.8,24.4,1.1063061952590942
11.1,24.4,1.1045044660568237
21.4,24.4,1.1045044660568237
17.9,24.4,1.1063061952590942
13.2,24.4,1.1045044660568237
23.8,24.4,1.1063061952590942
8.3,24.5,1.1045044660568237
15.4,24.5,1.1045044660568237
17.9,24.4,1.1045044660568237
20.5,24.4,1.1045044660568237
15.4,24.4,1.1045044660568237
19.5,24.4,1.1045044660568237
20.0,24.4,1.1063061952590942
15.4,24.4,1.1045044660568237
19.5,24.4,1.1063061952590942
17.5,24.5,1.1045044660568237
17.5,24.5,1.1063061952590942
23.1,24.4,1.1045044660568237
23.8,24.4,1.1063061952590942
17.5,24.4,1.1045044660568237
13.5,24.5,1.1063061952590942
17.9,24.4,1.1045044660568237
15.4,24.4,1.1063061952590942
15.4,24.4,1.1045044660568237
22.0,24.4,1.1063061952590942
26.8,24.5,1.1081080436706543
15.8,24.4,1.1063061952590942
15.4,24.5,1.1045044660568237
13.2,24.4,1.1063061952590942
19.5,24.4,1.1045044660568237
17.9,24.4,1.1045044660568237
15.4,24.5,1.1045044660568237
20.0,24.4,1.1045044660568237
21.1,24.4,1.1063061952590942
15.4,24.5,1.1045044660568237
23.3,24.5,1.1063061952590942
13.5,24.4,1.1045044660568237
17.5,24.4,1.1045044660568237
21.4,24.4,1.1063061952590942
19.5,24.4,1.1063061952590942
20.0,24.4,1.1045044660568237
20.0,24.5,1.1063061952590942
21.4,24.5,1.1063061952590942
17.5,24.5,1.1063061952590942
17.5,24.4,1.1063061952590942
13.5,24.4,1.1063061952590942
15.4,24.4,1.1063061952590942
13.5,24.4,1.1081080436706543
29.3,24.4,1.1081080436706543
13.2,24.4,1.1063061952590942
17.5,24.4,1.1063061952590942
15.8,24.4,1.1063061952590942
13.5,24.4,1.1081080436706543
17.5,24.4,1.1063061952590942
15.8,24.4,1.1081080436706543
26.7,24.4,1.1081080436706543
21.1,24.4,1.1081080436706543
21.4,24.4,1.1063061952590942
19.5,24.4,1.1081080436706543
13.2,24.4,1.1081080436706543
25.6,24.4,1.1063061952590942
15.4,24.4,1.1063061952590942
10.8,24.4,1.1081080436706543
21.4,24.4,1.1063061952590942
10.8,24.4,1.1063061952590942
13.5,24.4,1.1081080436706543
17.5,24.4,1.0981981754302979
21.4,24.4,1.0963963270187378
17.9,24.4,1.1027026176452637
23.8,24.4,1.1045044660568237
20.0,24.4,1.1045044660568237
18.4,24.4,1.1045044660568237
22.0,24.4,1.1027026176452637
23.3,24.4,1.1045044660568237
15.8,24.4,1.1027026176452637
15.4,24.4,1.1027026176452637
15.8,24.4,1.1027026176452637
23.3,24.4,1.1009008884429932
16.2,24.4,1.1027026176452637
22.5,24.4,1.1027026176452637
22.0,24.4,1.1045044660568237
19.5,24.5,1.1045044660568237
19.5,24.4,1.1027026176452637
22.0,24.4,1.1027026176452637
19.5,24.4,1.1045044660568237
15.8,24.4,1.1045044660568237
22.0,24.4,1.1027026176452637
15.4,24.4,1.1027026176452637
15.8,24.4,1.1027026176452637
15.8,24.4,1.1045044660568237
19.5,24.4,1.1027026176452637
17.5,24.4,1.1045044660568237
22.0,24.4,1.1045044660568237
17.9,24.4,1.1045044660568237
18.4,24.4,1.1063061952590942
26.8,24.4,1.1045044660568237
17.9,24.4,1.1027026176452637
17.9,24.4,1.1045044660568237
13.2,24.4,1.1027026176452637
26.7,24.4,1.1045044660568237
22.0,24.4,1.1045044660568237
15.4,24.4,1.1027026176452637
19.5,24.4,1.1045044660568237
17.9,24.4,1.1027026176452637
15.4,24.4,1.1045044660568237
25.0,24.4,1.1027026176452637
17.5,24.4,1.1027026176452637
15.4,24.4,1.1027026176452637
17.5,24.4,1.1027026176452637
22.0,24.4,1.1027026176452637
22.5,24.4,1.1045044660568237
17.5,24.4,1.1027026176452637
13.5,24.4,1.1027026176452637
15.0,24.4,1.1045044660568237
23.3,24.4,1.1027026176452637
23.8,24.4,1.1045044660568237
19.5,24.4,1.1045044660568237
17.5,24.4,1.1045044660568237
23.1,24.4,1.1027026176452637
23.1,24.4,1.1045044660568237
25.6,24.4,1.1045044660568237
17.5,24.4,1.1027026176452637
15.8,24.4,1.1045044660568237
15.4,24.4,1.1045044660568237
15.4,24.4,1.1027026176452637
15.4,24.4,1.1027026176452637
17.9,24.4,1.1027026176452637
19.5,24.4,1.1045044660568237
23.7,24.4,1.1045044660568237
19.5,24.4,1.1027026176452637
17.5,24.4,1.1027026176452637
15.8,24.4,1.1027026176452637
8.3,24.4,1.1027026176452637
15.8,24.4,1.1027026176452637
19.5,24.4,1.1027026176452637
20.0,24.4,1.1027026176452637
23.1,24.4,1.1045044660568237
13.5,24.4,1.1027026176452637
15.4,24.4,1.1045044660568237
17.9,24.4,1.1027026176452637
15.4,24.4,1.1027026176452637
15.4,24.4,1.1045044660568237
20.0,24.4,1.1027026176452637
17.9,24.4,1.1027026176452637
17.5,24.4,1.1027026176452637
25.6,24.4,1.1027026176452637
22.0,24.4,1.1027026176452637
19.5,24.4,1.1045044660568237
17.5,24.4,1.1027026176452637
23.8,24.4,1.1027026176452637
15.4,24.4,1.1045044660568237
17.9,24.4,1.1027026176452637
20.0,24.4,1.1027026176452637
13.2,24.4,1.1027026176452637
15.8,24.4,1.1009008884429932
19.5,24.4,1.1027026176452637
17.5,24.4,1.1027026176452637
20.0,24.4,1.1045044660568237
21.4,24.4,1.1027026176452637
