0.0,0.0,0.0
0.0,23.7,1.1162161827087402
15.8,23.7,1.1144143342971802
23.7,23.7,1.1144143342971802
21.6,23.6,1.1144143342971802
17.9,23.6,1.1009008884429932
23.8,23.6,1.1063061952590942
22.0,23.6,1.109009027481079
13.9,23.6,1.109009027481079
17.9,23.6,1.109009027481079
15.8,23.6,1.1108107566833496
13.5,23.6,1.109009027481079
18.4,23.6,1.109009027481079
13.5,23.6,1.109009027481079
23.8,23.6,1.1081080436706543
17.9,23.6,1.1081080436706543
17.9,23.6,1.109009027481079
16.2,23.6,1.109009027481079
28.6,23.6,1.1108107566833496
23.1,23.6,1.1081080436706543
25.6,23.6,1.109009027481079
17.9,23.6,1.109009027481079
26.2,23.6,1.109009027481079
27.3,23.6,1.1081080436706543
20.0,23.7,1.109009027481079
20.0,23.7,1.1081080436706543
26.2,23.7,1.109009027481079
25.6,23.7,1.109009027481079
25.0,23.7,1.109009027481079
22.0,23.7,1.1081080436706543
20.0,23.7,1.1081080436706543
8.3,23.6,1.109009027481079
20.5,23.6,1.1081080436706543
22.0,23.7,1.1081080436706543
23.8,23.6,1.1081080436706543
21.1,23.7,1.1081080436706543
16.2,23.6,1.1108107566833496
16.2,23.6,1.1081080436706543
17.9,23.7,1.109009027481079
26.2,23.6,1.1081080436706543
31.9,23.7,1.1108107566833496
20.0,23.7,1.1081080436706543
17.9,23.7,1.109009027481079
22.0,23.7,1.109009027481079
23.1,23.7,1.1081080436706543
26.2,23.7,1.1081080436706543
17.9,23.7,1.1081080436706543
15.8,23.7,1.1063061952590942
23.8,23.7,1.109009027481079
6.1,23.7,1.1081080436706543
28.9,23.6,1.109009027481079
15.8,23.7,1.1081080436706543
17.9,23.7,1.1081080436706543
15.8,23.7,1.109009027481079
25.6,23.7,1.1081080436706543
13.5,23.7,1.1081080436706543
16.2,23.7,1.1081080436706543
15.8,23.7,1.1081080436706543
15.8,23.7,1.1081080436706543
17.9,23.7,1.109009027481079
22.5,23.7,1.1081080436706543
19.5,23.6,1.1081080436706543
24.4,23.7,1.1081080436706543
13.5,23.6,1.1081080436706543
18.4,23.7,1.109009027481079
20.0,23.7,1.1081080436706543
30.0,23.7,1.1108107566833496
22.0,23.7,1.1081080436706543
17.9,23.7,1.1081080436706543
20.0,23.7,1.1081080436706543
22.0,23.7,1.1081080436706543
20.0,23.7,1.1081080436706543
11.1,23.7,1.1081080436706543
15.8,23.7,1.109009027481079
32.6,23.7,1.109009027481079
31.1,23.7,1.1081080436706543
11.1,23.7,1.109009027481079
15.8,23.7,1.1081080436706543
22.0,23.7,1.1081080436706543
22.0,23.7,1.1081080436706543
22.0,23.7,1.1081080436706543
16.2,23.7,1.1063061952590942
25.6,23.7,1.109009027481079
20.0,23.7,1.109009027481079
22.5,23.7,1.1081080436706543
17.9,23.7,1.1081080436706543
17.9,23.7,1.1063061952590942
20.5,23.7,1.1081080436706543
15.8,23.7,1.1081080436706543
17.9,23.7,1.1081080436706543
20.0,23.7,1.1063061952590942
18.4,23.7,1.1081080436706543
25.6,23.7,1.1081080436706543
18.4,23.7,1.1081080436706543
25.6,23.7,1.1081080436706543
20.0,23.7,1.109009027481079
21.1,23.7,1.1081080436706543
21.1,23.7,1.109009027481079
23.8,23.7,1.1081080436706543
11.1,23.7,1.1063061952590942
20.0,23.7,1.1081080436706543
13.5,23.7,1.1063061952590942
13.5,23.7,1.1081080436706543
16.2,23.7,1.1081080436706543
16.2,23.7,1.1081080436706543
19.4,23.7,1.1081080436706543
25.6,23.7,1.1081080436706543
20.0,23.7,1.109009027481079
24.4,23.7,1.1081080436706543
17.9,23.7,1.1081080436706543
32.5,23.7,1.1081080436706543
20.0,23.7,1.1081080436706543
22.0,23.7,1.1081080436706543
17.9,23.7,1.1063061952590942
13.9,23.7,1.1081080436706543
17.9,23.7,1.1081080436706543
15.8,23.7,1.1081080436706543
17.9,23.7,1.1081080436706543
23.8,23.7,1.109009027481079
17.9,23.7,1.1081080436706543
13.5,23.7,1.1081080436706543
27.3,23.7,1.1081080436706543
22.5,23.7,1.1063061952590942
24.4,23.7,1.1081080436706543
20.0,23.7,1.1081080436706543
25.6,23.7,1.109009027481079
27.5,23.7,1.109009027481079
29.5,23.7,1.1081080436706543
22.0,23.7,1.109009027481079
20.0,23.7,1.1081080436706543
13.5,23.7,1.1081080436706543
23.3,23.7,1.1081080436706543
17.9,23.7,1.1081080436706543
23.8,23.7,1.1081080436706543
23.7,23.7,1.1081080436706543
20.5,23.7,1.1081080436706543
30.4,23.7,1.1144143342971802
27.3,23.7,1.1108107566833496
16.2,23.7,1.1126126050949097
17.9,23.7,1.109009027481079
20.0,23.7,1.109009027481079
17.9,23.7,1.109009027481079
22.0,23.7,1.109009027481079
11.1,23.7,1.1081080436706543
13.5,23.7,1.1108107566833496
15.4,23.7,1.109009027481079
22.0,23.7,1.109009027481079
20.0,23.7,1.109009027481079
18.4,23.7,1.109009027481079
23.1,23.7,1.109009027481079
17.9,23.7,1.109009027481079
25.6,23.7,1.109009027481079
13.5,23.7,1.109009027481079
22.5,23.7,1.1081080436706543
15.8,23.7,1.109009027481079
17.9,23.7,1.1081080436706543
23.8,23.7,1.109009027481079
30.0,23.7,1.109009027481079
30.0,23.7,1.109009027481079
15.8,23.7,1.109009027481079
20.5,23.7,1.1108107566833496
17.9,23.7,1.109009027481079
15.8,23.8,1.1108107566833496
20.0,23.7,1.109009027481079
20.0,23.7,1.1108107566833496
17.9,23.8,1.109009027481079
23.7,23.7,1.1108107566833496
17.9,23.7,1.1108107566833496
22.5,23.7,1.109009027481079
17.9,23.7,1.1108107566833496
20.5,23.7,1.1108107566833496
22.0,23.7,1.109009027481079
20.0,23.7,1.109009027481079
26.2,23.8,1.1108107566833496
23.1,23.7,1.1108107566833496
18.4,23.8,1.1108107566833496
20.0,23.8,1.1108107566833496
11.4,23.7,1.109009027481079
20.0,23.7,1.109009027481079
20.0,23.7,1.109009027481079
22.0,23.7,1.1108107566833496
18.9,23.7,1.1108107566833496
18.9,23.7,1.1108107566833496
20.0,23.7,1.109009027481079
17.9,23.7,1.1108107566833496
17.9,23.7,1.099099040031433
17.9,23.7,1.099099040031433
31.1,23.8,1.1045044660568237
23.8,23.8,1.1081080436706543
20.5,23.7,1.1063061952590942
20.5,23.7,1.109009027481079
22.5,23.7,1.1081080436706543
22.5,23.7,1.1081080436706543
23.8,23.7,1.1063061952590942
22.5,23.7,1.1081080436706543
22.5,23.7,1.1081080436706543
20.0,23.7,1.1081080436706543
20.0,23.7,1.1081080436706543
22.5,23.7,1.1081080436706543
22.5,23.7,1.1081080436706543
23.8,23.7,1.1081080436706543
20.0,23.7,1.1081080436706543
20.0,23.7,1.1081080436706543
15.8,23.7,1.1081080436706543
15.8,23.7,1.1081080436706543
15.8,23.7,1.1081080436706543
27.3,23.7,1.1063061952590942
27.3,23.7,1.1063061952590942
22.5,23.7,1.1081080436706543
22.5,23.7,1.1081080436706543
20.0,23.7,1.1063061952590942
20.0,23.7,1.1063061952590942
25.6,23.7,1.1081080436706543
18.4,23.7,1.1063061952590942
18.4,23.7,1.1063061952590942
23.8,23.7,1.1081080436706543
23.8,23.7,1.1081080436706543
22.0,23.7,1.1063061952590942
18.4,23.7,1.1081080436706543
23.8,23.7,1.1063061952590942
23.8,23.7,1.1063061952590942
22.5,23.7,1.1081080436706543
15.8,23.7,1.1063061952590942
25.6,23.7,1.1063061952590942
25.6,23.7,1.1081080436706543
15.8,23.7,1.1126126050949097
20.5,23.7,1.1108107566833496
17.9,23.7,1.1081080436706543
20.5,23.7,1.1081080436706543
22.0,23.7,1.109009027481079
25.6,23.7,1.1081080436706543
25.6,23.7,1.1081080436706543
20.5,23.7,1.1081080436706543
15.8,23.7,1.1081080436706543
20.0,23.7,1.1081080436706543
20.0,23.7,1.1081080436706543
23.3,23.7,1.109009027481079
20.0,23.7,1.109009027481079
18.4,23.8,1.109009027481079
17.9,23.8,1.1081080436706543
20.0,23.7,1.1081080436706543
19.4,23.7,1.1081080436706543
30.2,23.7,1.109009027481079
15.8,23.8,1.1081080436706543
18.4,23.8,1.109009027481079
25.6,23.7,1.109009027481079
20.5,23.8,1.109009027481079
23.8,23.7,1.109009027481079
22.0,23.7,1.109009027481079
23.8,23.8,1.1108107566833496
27.3,23.8,1.109009027481079
22.0,23.8,1.109009027481079
15.8,23.8,1.109009027481079
18.4,23.8,1.109009027481079
15.8,23.8,1.1108107566833496
23.8,23.8,1.109009027481079
20.0,23.8,1.1108107566833496
26.3,23.8,1.1108107566833496
18.4,23.8,1.1108107566833496
13.2,23.8,1.109009027481079
18.4,23.7,1.1108107566833496
8.6,23.8,1.109009027481079
15.8,23.8,1.109009027481079
17.5,23.8,1.109009027481079
18.4,23.8,1.1108107566833496
25.0,23.8,1.1126126050949097
23.8,23.8,1.1108107566833496
22.5,23.8,1.1108107566833496
13.5,23.8,1.109009027481079
13.5,23.7,1.109009027481079
20.0,23.8,1.109009027481079
11.1,23.8,1.109009027481079
16.2,23.8,1.109009027481079
23.7,23.8,1.1108107566833496
15.8,23.8,1.1108107566833496
30.4,23.7,1.1108107566833496
25.6,23.8,1.1108107566833496
18.4,23.8,1.1108107566833496
20.0,23.8,1.109009027481079
17.9,23.8,1.1063061952590942
22.5,23.8,1.1081080436706543
26.8,23.8,1.1081080436706543
20.0,23.8,1.1108107566833496
15.8,23.8,1.1081080436706543
20.0,23.8,1.109009027481079
26.2,23.8,1.1081080436706543
20.0,23.8,1.109009027481079
23.8,23.8,1.1081080436706543
22.5,23.8,1.1081080436706543
27.5,23.8,1.109009027481079
13.5,23.8,1.1081080436706543
17.9,23.8,1.109009027481079
17.9,23.8,1.109009027481079
15.8,23.8,1.1081080436706543
20.5,23.8,1.1081080436706543
20.0,23.8,1.109009027481079
13.5,23.8,1.109009027481079
20.5,23.8,1.109009027481079
23.8,23.7,1.109009027481079
22.0,23.8,1.1081080436706543
25.6,23.7,1.1081080436706543
22.5,23.8,1.1081080436706543
22.5,23.8,1.109009027481079
20.0,23.8,1.1081080436706543
18.9,23.8,1.1108107566833496
26.3,23.7,1.109009027481079
25.0,23.8,1.1081080436706543
23.8,23.8,1.1081080436706543
22.0,23.8,1.1081080436706543
22.0,23.7,1.1081080436706543
25.6,23.8,1.109009027481079
22.0,23.8,1.1081080436706543
13.5,23.8,1.1081080436706543
13.9,23.8,1.1081080436706543
22.0,23.8,1.1081080436706543
17.9,23.8,1.1081080436706543
20.0,23.7,1.109009027481079
22.0,23.8,1.1081080436706543
20.0,23.8,1.1081080436706543
17.5,23.8,1.109009027481079
30.2,23.7,1.109009027481079
23.7,23.7,1.109009027481079
20.5,23.8,1.1081080436706543
15.8,23.7,1.109009027481079
17.9,23.7,1.109009027481079
23.7,23.8,1.1081080436706543
17.9,23.8,1.1081080436706543
22.5,23.8,1.1081080436706543
20.5,23.8,1.109009027481079
23.1,23.8,1.109009027481079
26.2,23.8,1.109009027481079
24.4,23.8,1.1063061952590942
8.6,23.8,1.1081080436706543
17.9,23.8,1.1081080436706543
18.4,23.8,1.1081080436706543
22.0,23.8,1.1081080436706543
22.0,23.8,1.1081080436706543
29.3,23.8,1.109009027481079
23.7,23.8,1.109009027481079
23.7,23.8,1.109009027481079
23.8,23.8,1.109009027481079
24.4,23.8,1.1081080436706543
23.8,23.8,1.1063061952590942
17.9,23.8,1.1081080436706543
20.5,23.8,1.1081080436706543
13.5,23.8,1.1081080436706543
36.4,23.8,1.109009027481079
20.0,23.7,1.1081080436706543
17.9,23.8,1.1081080436706543
22.5,23.7,1.1081080436706543
17.5,23.8,1.1081080436706543
15.8,23.7,1.1081080436706543
15.8,23.8,1.109009027481079
15.4,23.8,1.1081080436706543
11.4,23.8,1.109009027481079
21.6,23.8,1.1081080436706543
23.8,23.8,1.1081080436706543
20.0,23.7,1.1081080436706543
23.8,23.8,1.109009027481079
25.6,23.8,1.1081080436706543
15.8,23.8,1.109009027481079
20.0,23.8,1.109009027481079
24.4,23.7,1.109009027481079
16.2,23.7,1.109009027481079
11.4,23.7,1.1108107566833496
17.5,23.7,1.109009027481079
15.8,23.7,1.1108107566833496
22.0,23.7,1.109009027481079
23.8,23.7,1.109009027481079
15.8,23.7,1.109009027481079
19.5,23.8,1.1108107566833496
30.4,23.8,1.1108107566833496
13.5,23.8,1.109009027481079
13.5,23.8,1.109009027481079
15.4,23.8,1.1108107566833496
17.9,23.8,1.109009027481079
27.9,23.8,1.109009027481079
26.2,23.8,1.1108107566833496
20.5,23.8,1.1108107566833496
15.8,23.8,1.099099040031433
23.8,23.8,1.1009008884429932
13.2,23.8,1.1081080436706543
20.0,23.8,1.1063061952590942
15.8,23.8,1.1063061952590942
25.6,23.8,1.1081080436706543
17.5,23.8,1.1081080436706543
17.5,23.8,1.1063061952590942
20.0,23.8,1.1063061952590942
15.8,23.8,1.1081080436706543
23.3,23.8,1.1063061952590942
17.9,23.8,1.1081080436706543
22.0,23.8,1.1063061952590942
14.3,23.8,1.1081080436706543
21.6,23.8,1.1081080436706543
24.4,23.8,1.1081080436706543
17.9,23.8,1.1063061952590942
20.0,23.8,1.1063061952590942
17.9,23.8,1.1081080436706543
13.5,23.8,1.1063061952590942
17.9,23.8,1.1063061952590942
23.3,23.8,1.1081080436706543
23.7,23.8,1.1063061952590942
20.5,23.8,1.1081080436706543
15.8,23.8,1.1063061952590942
13.2,23.8,1.1063061952590942
22.0,23.8,1.1063061952590942
20.5,23.8,1.1063061952590942
25.0,23.8,1.1063061952590942
13.5,23.8,1.1063061952590942
13.5,23.8,1.1063061952590942
21.1,23.8,1.1063061952590942
27.9,23.8,1.1045044660568237
25.6,23.8,1.1081080436706543
23.8,23.8,1.1063061952590942
23.8,23.8,1.1063061952590942
20.0,23.8,1.1045044660568237
22.0,23.8,1.1081080436706543
20.0,23.8,1.1063061952590942
23.7,23.8,1.1063061952590942
23.8,23.7,1.1081080436706543
22.0,23.7,1.1063061952590942
20.0,23.8,1.1063061952590942
8.6,23.8,1.1045044660568237
15.8,23.7,1.1063061952590942
22.0,23.7,1.1063061952590942
23.8,23.8,1.1063061952590942
28.6,23.7,1.1063061952590942
25.6,23.7,1.1063061952590942
18.4,23.8,1.1063061952590942
13.2,23.8,1.1063061952590942
20.5,23.7,1.1063061952590942
17.9,23.7,1.1063061952590942
17.9,23.8,1.1063061952590942
17.9,23.8,1.1063061952590942
15.8,23.8,1.1081080436706543
13.5,23.7,1.1063061952590942
17.9,23.8,1.1081080436706543
22.0,23.8,1.1063061952590942
20.5,23.8,1.1063061952590942
15.4,23.7,1.1063061952590942
23.8,23.8,1.1063061952590942
17.9,23.8,1.1063061952590942
23.8,23.8,1.1063061952590942
17.9,23.7,1.1081080436706543
15.8,23.8,1.1081080436706543
17.5,23.8,1.1063061952590942
20.0,23.7,1.1063061952590942
26.2,23.7,1.1063061952590942
23.1,23.7,1.1081080436706543
20.0,23.8,1.1063061952590942
27.3,23.8,1.1063061952590942
22.5,23.7,1.1063061952590942
17.9,23.7,1.1063061952590942
20.0,23.7,1.1045044660568237
22.0,23.7,1.1081080436706543
20.5,23.7,1.1063061952590942
30.2,23.7,1.1063061952590942
17.5,23.7,1.1063061952590942
8.8,23.7,1.1063061952590942
15.4,23.7,1.1063061952590942
13.5,23.7,1.1063061952590942
15.8,23.7,1.1063061952590942
15.8,23.8,1.1063061952590942
24.4,23.7,1.1063061952590942
18.4,23.8,1.1081080436706543
23.8,23.8,1.1063061952590942
22.5,23.7,1.1063061952590942
19.5,23.8,1.1081080436706543
22.0,23.8,1.1063061952590942
22.0,23.8,1.1045044660568237
20.0,23.8,1.1081080436706543
18.4,23.7,1.1063061952590942
21.1,23.7,1.1063061952590942
21.1,23.8,1.1063061952590942
15.8,23.8,1.1063061952590942
17.9,23.8,1.1045044660568237
8.6,23.8,1.1063061952590942
23.8,23.8,1.1045044660568237
15.8,23.8,1.1045044660568237
22.0,23.8,1.1063061952590942
18.9,23.8,1.1081080436706543
18.4,23.8,1.1063061952590942
15.8,23.8,1.1063061952590942
11.1,23.8,1.1045044660568237
11.1,23.8,1.1063061952590942
20.0,23.8,1.1045044660568237
22.0,23.8,1.1063061952590942
17.9,23.8,1.1063061952590942
21.1,23.8,1.1063061952590942
16.2,23.8,1.1045044660568237
17.9,23.8,1.1063061952590942
19.5,23.8,1.1063061952590942
13.5,23.7,1.1045044660568237
15.8,23.8,1.1063061952590942
15.8,23.8,1.1063061952590942
24.4,23.8,1.1063061952590942
26.2,23.8,1.1063061952590942
27.9,23.8,1.1045044660568237
17.9,23.8,1.1081080436706543
22.0,23.8,1.1045044660568237
20.0,23.8,1.1063061952590942
23.8,23.8,1.1081080436706543
25.6,23.8,1.1063061952590942
17.9,23.8,1.1063061952590942
17.9,23.8,1.1063061952590942
20.0,23.8,1.1063061952590942
20.0,23.8,1.1063061952590942
17.9,23.8,1.1108107566833496
25.6,23.8,1.1108107566833496
20.0,23.8,1.1081080436706543
17.9,23.8,1.1081080436706543
31.0,23.8,1.1081080436706543
15.8,23.8,1.109009027481079
25.6,23.8,1.1063061952590942
11.1,23.8,1.1081080436706543
16.2,23.8,1.109009027481079
17.9,23.8,1.109009027481079
17.9,23.8,1.1081080436706543
13.5,23.8,1.1081080436706543
31.0,23.8,1.1081080436706543
30.4,23.8,1.1081080436706543
23.3,23.8,1.1081080436706543
22.5,23.8,1.1081080436706543
23.8,23.8,1.1081080436706543
23.8,23.8,1.1081080436706543
23.8,23.8,1.1081080436706543
27.3,23.8,1.1063061952590942
17.9,23.8,1.1081080436706543
26.2,23.8,1.109009027481079
17.5,23.8,1.109009027481079
16.2,23.8,1.109009027481079
13.5,23.8,1.1063061952590942
20.0,23.8,1.109009027481079
15.8,23.8,1.1081080436706543
25.6,23.8,1.109009027481079
13.5,23.8,1.1081080436706543
22.0,23.8,1.109009027481079
15.8,23.7,1.109009027481079
20.0,23.8,1.109009027481079
20.0,23.7,1.109009027481079
23.8,23.8,1.109009027481079
17.9,23.7,1.1081080436706543
21.1,23.7,1.1108107566833496
25.0,23.8,1.109009027481079
13.5,23.8,1.109009027481079
15.8,23.8,1.1081080436706543
22.0,23.8,1.1081080436706543
22.0,23.8,1.1081080436706543
11.1,23.8,1.109009027481079
13.5,23.8,1.109009027481079
25.0,23.8,1.109009027481079
25.0,23.8,1.109009027481079
24.4,23.8,1.109009027481079
15.8,23.8,1.1081080436706543
23.8,23.8,1.099099040031433
22.5,23.8,1.0981981754302979
15.8,23.8,1.1045044660568237
17.9,23.8,1.1063061952590942
15.8,23.8,1.1063061952590942
23.1,23.8,1.1081080436706543
31.0,23.8,1.1081080436706543
21.1,23.8,1.1063061952590942
22.0,23.8,1.1063061952590942
22.5,23.8,1.1045044660568237
22.0,23.8,1.1063061952590942
17.9,23.8,1.1063061952590942
16.2,23.8,1.1063061952590942
27.3,23.8,1.1063061952590942
26.8,23.8,1.1081080436706543
22.5,23.8,1.1045044660568237
20.0,23.8,1.1063061952590942
22.0,23.8,1.1045044660568237
17.9,23.8,1.1063061952590942
26.2,23.8,1.1063061952590942
25.6,23.8,1.1063061952590942
20.0,23.8,1.1063061952590942
21.6,23.8,1.1063061952590942
22.0,23.8,1.1045044660568237
22.0,23.8,1.1045044660568237
23.8,23.8,1.1063061952590942
17.9,23.8,1.1063061952590942
20.0,23.8,1.1063061952590942
22.5,23.8,1.1063061952590942
22.0,23.8,1.1045044660568237
25.6,23.8,1.1063061952590942
13.5,23.8,1.1063061952590942
24.4,23.8,1.1063061952590942
20.0,23.8,1.1063061952590942
11.4,23.8,1.1063061952590942
17.9,23.8,1.1063061952590942
15.8,23.8,1.1063061952590942
17.9,23.8,1.1063061952590942
13.9,23.8,1.1063061952590942
11.1,23.8,1.1027026176452637
20.0,23.8,1.1063061952590942
17.9,23.8,1.109009027481079
17.9,23.8,1.1081080436706543
13.5,23.8,1.1063061952590942
22.5,23.8,1.1063061952590942
13.5,23.8,1.1063061952590942
20.0,23.8,1.1063061952590942
15.8,23.8,1.1063061952590942
16.2,23.8,1.1081080436706543
11.4,23.8,1.1081080436706543
17.5,23.8,1.1081080436706543
22.5,23.8,1.1081080436706543
26.2,23.8,1.1081080436706543
25.6,23.8,1.1063061952590942
18.4,23.8,1.1081080436706543
15.8,23.8,1.1063061952590942
28.9,23.8,1.1081080436706543
13.5,23.8,1.1081080436706543
17.9,23.8,1.1081080436706543
13.5,23.9,1.1081080436706543
15.8,23.8,1.1081080436706543
13.5,23.8,1.1081080436706543
22.5,23.8,1.1081080436706543
13.5,23.9,1.1081080436706543
23.8,23.8,1.1081080436706543
20.0,23.9,1.109009027481079
18.4,23.9,1.1081080436706543
31.1,23.8,1.1081080436706543
27.5,23.9,1.109009027481079
17.9,23.9,1.1063061952590942
20.5,23.8,1.109009027481079
21.4,23.9,1.109009027481079
26.2,23.9,1.109009027481079
25.0,23.9,1.1081080436706543
22.0,23.8,1.1081080436706543
23.1,23.9,1.109009027481079
30.0,23.9,1.1081080436706543
27.5,23.8,1.109009027481079
29.3,23.8,1.1081080436706543
11.1,23.9,1.1126126050949097
26.2,23.8,1.1063061952590942
15.8,23.8,1.1081080436706543
22.5,23.9,1.109009027481079
22.0,23.8,1.1081080436706543
18.4,23.8,1.1081080436706543
17.9,23.9,1.1045044660568237
22.5,23.9,1.1063061952590942
22.0,23.9,1.1063061952590942
20.5,23.9,1.1063061952590942
16.2,23.9,1.1063061952590942
13.5,23.9,1.1063061952590942
20.0,23.9,1.1063061952590942
23.1,23.9,1.1081080436706543
21.1,23.9,1.1063061952590942
21.1,23.9,1.1081080436706543
17.9,23.9,1.1081080436706543
20.0,23.9,1.1063061952590942
20.0,23.9,1.1063061952590942
11.1,23.9,1.1063061952590942
11.1,23.9,1.1081080436706543
17.9,23.9,1.1063061952590942
11.1,23.9,1.1063061952590942
23.8,23.9,1.1063061952590942
15.8,23.9,1.1081080436706543
15.8,23.9,1.1081080436706543
22.0,23.9,1.1045044660568237
17.9,23.9,1.1081080436706543
18.4,23.9,1.1063061952590942
28.6,23.9,1.1081080436706543
20.5,23.9,1.1063061952590942
17.9,23.9,1.1081080436706543
5.9,23.9,1.1063061952590942
33.3,23.9,1.1081080436706543
20.0,23.9,1.1063061952590942
25.6,23.9,1.1081080436706543
19.5,23.9,1.1063061952590942
30.0,23.9,1.1081080436706543
15.8,23.9,1.1063061952590942
17.9,23.9,1.1063061952590942
17.9,23.9,1.1081080436706543
17.9,23.9,1.1063061952590942
22.0,23.9,1.1081080436706543
20.0,23.9,1.1081080436706543
22.0,23.9,1.1081080436706543
30.2,23.9,1.1081080436706543
22.5,23.9,1.1063061952590942
15.8,23.9,1.1063061952590942
22.0,23.9,1.1063061952590942
23.8,23.9,1.1063061952590942
22.0,23.9,1.1063061952590942
25.6,23.9,1.1063061952590942
17.9,23.9,1.1081080436706543
21.1,23.9,1.1081080436706543
22.0,23.9,1.1063061952590942
20.0,23.9,1.1063061952590942
15.8,23.9,1.1063061952590942
25.6,23.9,1.1063061952590942
23.8,23.9,1.1081080436706543
15.8,23.9,1.1081080436706543
20.5,23.9,1.1081080436706543
25.0,23.9,1.109009027481079
20.0,23.9,1.1063061952590942
20.0,23.9,1.1081080436706543
11.4,23.9,1.1063061952590942
19.5,23.9,1.1081080436706543
19.5,23.9,1.1081080436706543
23.8,23.9,1.1081080436706543
15.8,23.9,1.1045044660568237
16.2,23.9,1.109009027481079
18.9,23.9,1.1063061952590942
23.8,23.9,1.1063061952590942
17.5,23.9,1.1063061952590942
22.5,23.9,1.1081080436706543
23.3,23.9,1.1063061952590942
13.5,23.9,1.1081080436706543
25.6,23.9,1.1063061952590942
25.0,23.9,1.1081080436706543
18.4,23.9,1.1081080436706543
23.8,23.9,1.1063061952590942
31.0,23.9,1.1063061952590942
28.6,23.9,1.1081080436706543
10.8,23.9,1.1063061952590942
25.6,23.9,1.1081080436706543
15.8,23.9,1.1081080436706543
25.6,23.9,1.109009027481079
23.7,23.9,1.109009027481079
15.8,23.9,1.1081080436706543
8.6,23.9,1.1081080436706543
16.2,23.9,1.1063061952590942
17.9,23.9,1.1081080436706543
15.4,23.9,1.1081080436706543
22.0,23.9,1.109009027481079
23.8,23.9,1.1081080436706543
23.1,23.9,1.109009027481079
11.1,23.9,1.1081080436706543
25.6,23.9,1.1063061952590942
20.0,23.9,1.1081080436706543
20.0,23.9,1.1081080436706543
23.8,23.9,1.1081080436706543
26.2,23.9,1.1081080436706543
22.0,23.9,1.1081080436706543
27.5,23.9,1.109009027481079
20.0,23.9,1.1081080436706543
23.8,23.9,1.1081080436706543
22.5,23.9,1.109009027481079
23.3,23.9,1.109009027481079
24.4,23.9,1.1081080436706543
15.8,23.9,1.0963963270187378
11.1,23.9,1.1009008884429932
17.9,23.8,1.1045044660568237
23.8,23.9,1.1063061952590942
15.8,23.9,1.1063061952590942
27.9,23.9,1.1063061952590942
21.4,23.9,1.1063061952590942
16.2,23.9,1.1063061952590942
19.5,23.9,1.1063061952590942
22.5,23.9,1.1063061952590942
15.8,23.8,1.1045044660568237
27.3,23.9,1.1045044660568237
16.2,23.9,1.1027026176452637
13.5,23.9,1.1045044660568237
13.5,23.8,1.1045044660568237
22.0,23.9,1.1027026176452637
20.0,23.9,1.1027026176452637
32.6,23.9,1.1045044660568237
13.5,23.9,1.1045044660568237
11.1,23.9,1.1063061952590942
15.8,23.9,1.1045044660568237
15.8,23.9,1.1045044660568237
20.5,23.9,1.1045044660568237
20.5,23.9,1.1045044660568237
25.6,23.9,1.1045044660568237
23.8,23.9,1.1045044660568237
27.9,23.9,1.1045044660568237
23.8,23.9,1.1027026176452637
15.8,23.9,1.1027026176452637
24.4,23.9,1.1063061952590942
15.8,23.9,1.1045044660568237
25.0,23.9,1.1045044660568237
14.3,23.9,1.1045044660568237
13.9,23.9,1.1027026176452637
19.5,23.9,1.1045044660568237
22.5,23.9,1.1045044660568237
17.9,23.9,1.1045044660568237
11.1,23.9,1.1045044660568237
11.1,23.9,1.1045044660568237
21.6,23.9,1.1045044660568237
29.5,23.9,1.1027026176452637
22.0,23.8,1.1045044660568237
22.0,23.8,1.1045044660568237
20.5,23.9,1.1027026176452637
17.9,23.9,1.1045044660568237
22.0,23.9,1.1045044660568237
22.0,23.9,1.1045044660568237
20.0,23.9,1.1045044660568237
22.5,23.9,1.1045044660568237
22.5,23.9,1.1045044660568237
22.0,23.9,1.1027026176452637
22.0,23.9,1.1027026176452637
20.0,23.9,1.1045044660568237
17.9,23.9,1.1027026176452637
17.9,23.9,1.1045044660568237
25.6,23.9,1.1045044660568237
20.0,23.9,1.1045044660568237
20.0,23.9,1.1045044660568237
22.0,23.9,1.1063061952590942
22.0,23.9,1.1063061952590942
17.5,23.8,1.1045044660568237
18.4,23.9,1.1045044660568237
20.0,23.9,1.1045044660568237
25.6,23.9,1.1045044660568237
25.6,23.9,1.1063061952590942
20.0,23.9,1.1063061952590942
20.0,23.9,1.1063061952590942
20.0,23.9,1.1045044660568237
22.0,23.9,1.1045044660568237
22.0,23.9,1.1045044660568237
18.4,23.9,1.1045044660568237
13.5,23.9,1.1045044660568237
28.2,23.9,1.1045044660568237
28.2,23.9,1.1045044660568237
13.5,23.9,1.1027026176452637
23.8,23.9,1.1045044660568237
20.0,23.9,1.1045044660568237
22.0,23.9,1.1045044660568237
11.4,23.9,1.1045044660568237
13.5,23.9,1.1045044660568237
20.5,23.9,1.1045044660568237
20.0,23.9,1.1063061952590942
18.4,23.9,1.1045044660568237
13.5,23.9,1.1045044660568237
17.9,23.9,1.1045044660568237
22.0,23.9,1.1045044660568237
20.5,23.9,1.1045044660568237
23.7,23.9,1.1045044660568237
15.4,23.9,1.1045044660568237
13.5,23.9,1.1045044660568237
20.5,23.9,1.1045044660568237
22.0,23.9,1.1045044660568237
15.8,23.9,1.1027026176452637
18.4,23.9,1.1045044660568237
16.2,23.9,1.1045044660568237
19.4,23.9,1.1063061952590942
26.8,23.9,1.1045044660568237
18.4,23.9,1.1027026176452637
22.0,23.9,1.1027026176452637
21.1,23.9,1.1045044660568237
15.8,23.9,1.1045044660568237
24.4,23.9,1.1045044660568237
17.9,23.9,1.1045044660568237
22.0,23.9,1.1045044660568237
13.5,23.9,1.1045044660568237
15.8,23.9,1.1045044660568237
8.6,23.9,1.1045044660568237
24.4,23.9,1.1045044660568237
11.1,23.9,1.1045044660568237
17.9,23.9,1.1045044660568237
15.8,23.9,1.1045044660568237
20.0,23.9,1.1045044660568237
22.0,23.9,1.1045044660568237
15.8,23.9,1.1045044660568237
25.6,23.9,1.1027026176452637
25.6,23.9,1.1027026176452637
23.3,23.9,1.1045044660568237
22.5,23.9,1.1045044660568237
15.8,23.9,1.1027026176452637
16.2,23.9,1.1045044660568237
17.5,23.9,1.1045044660568237
20.0,23.9,1.1045044660568237
23.8,23.9,1.1045044660568237
11.1,23.9,1.1027026176452637
13.9,23.9,1.1045044660568237
27.5,23.9,1.1063061952590942
23.1,23.9,1.1063061952590942
15.8,23.9,1.1108107566833496
19.5,23.9,1.1081080436706543
17.9,23.9,1.1063061952590942
20.0,23.9,1.1045044660568237
28.9,23.9,1.1063061952590942
22.0,23.9,1.1063061952590942
18.4,23.9,1.1045044660568237
23.1,23.9,1.1063061952590942
15.8,23.9,1.1063061952590942
11.1,23.9,1.1063061952590942
22.0,23.9,1.1063061952590942
21.4,23.9,1.1045044660568237
22.5,23.9,1.1063061952590942
22.5,23.9,1.1063061952590942
20.0,23.9,1.1063061952590942
19.4,23.9,1.1045044660568237
18.4,23.9,1.1045044660568237
18.4,23.9,1.1063061952590942
23.8,23.9,1.1045044660568237
15.8,23.9,1.1063061952590942
25.6,23.9,1.1081080436706543
11.1,23.9,1.1063061952590942
20.0,23.9,1.1081080436706543
27.5,23.9,1.1063061952590942
29.5,23.9,1.1081080436706543
17.9,23.9,1.1081080436706543
18.4,23.9,1.1081080436706543
15.8,23.9,1.1063061952590942
20.5,23.9,1.1063061952590942
15.8,23.9,1.1063061952590942
8.8,23.9,1.1081080436706543
8.6,23.9,1.1063061952590942
11.1,23.9,1.1081080436706543
22.5,23.9,1.1081080436706543
24.4,23.9,1.1063061952590942
22.5,23.9,1.1063061952590942
20.0,23.9,1.1063061952590942
17.9,23.9,1.1063061952590942
8.8,23.9,1.1081080436706543
20.0,23.9,1.1063061952590942
15.8,23.9,1.1081080436706543
22.5,23.9,1.1063061952590942
22.0,23.9,1.0981981754302979
16.2,23.9,1.0963963270187378
20.5,23.9,1.1027026176452637
32.6,23.9,1.1045044660568237
23.8,23.9,1.1045044660568237
17.9,23.9,1.1045044660568237
20.0,23.9,1.1045044660568237
20.0,23.9,1.1045044660568237
13.5,23.9,1.1027026176452637
22.0,23.9,1.1045044660568237
5.9,23.9,1.1045044660568237
22.5,23.9,1.1027026176452637
20.0,23.9,1.1045044660568237
25.6,23.9,1.1045044660568237
25.6,23.9,1.1045044660568237
24.4,23.9,1.1027026176452637
22.0,23.9,1.1045044660568237
18.4,23.9,1.1045044660568237
15.2,23.9,1.1045044660568237
32.5,23.9,1.1027026176452637
26.2,23.9,1.1045044660568237
22.5,23.9,1.1027026176452637
22.5,23.9,1.1045044660568237
20.0,23.9,1.1027026176452637
16.2,23.9,1.1027026176452637
22.5,23.9,1.1027026176452637
30.0,23.9,1.1045044660568237
16.2,23.9,1.1027026176452637
17.9,23.9,1.1045044660568237
20.5,23.9,1.1045044660568237
17.9,23.9,1.1045044660568237
24.4,23.9,1.1027026176452637
18.4,23.9,1.1045044660568237
25.0,23.9,1.1027026176452637
19.4,23.9,1.1045044660568237
16.2,23.8,1.1045044660568237
29.5,23.8,1.1045044660568237
29.5,23.8,1.1027026176452637
24.4,23.9,1.1027026176452637
15.8,23.9,1.1027026176452637
13.9,23.9,1.1081080436706543
18.4,23.8,1.1081080436706543
30.2,23.8,1.1063061952590942
21.6,23.8,1.1045044660568237
20.0,23.9,1.1045044660568237
17.9,23.9,1.1045044660568237
20.0,23.8,1.1045044660568237
16.2,23.8,1.1045044660568237
27.3,23.9,1.1063061952590942
20.0,23.8,1.1045044660568237
21.1,23.9,1.1081080436706543
31.0,23.8,1.1045044660568237
15.8,23.8,1.1063061952590942
24.4,23.9,1.1027026176452637
20.0,23.8,1.1045044660568237
25.6,23.9,1.1045044660568237
20.0,23.9,1.1045044660568237
15.8,23.8,1.1063061952590942
23.1,23.9,1.1081080436706543
25.6,23.9,1.1081080436706543
18.4,23.9,1.1063061952590942
23.8,23.9,1.1063061952590942
15.8,23.9,1.1081080436706543
22.0,23.9,1.1063061952590942
15.8,23.9,1.1081080436706543
20.5,23.9,1.1045044660568237
17.9,23.9,1.1063061952590942
26.8,23.9,1.1081080436706543
20.0,23.9,1.1063061952590942
17.9,23.9,1.1063061952590942
11.4,23.9,1.1063061952590942
15.8,23.9,1.1081080436706543
20.0,23.9,1.1081080436706543
25.6,23.9,1.1063061952590942
13.5,23.9,1.1063061952590942
17.1,23.9,1.1081080436706543
15.8,23.9,1.1063061952590942
13.5,23.9,1.1063061952590942
22.0,23.9,1.1063061952590942
17.5,23.9,1.1063061952590942
26.2,23.9,1.1081080436706543
17.9,23.9,1.1063061952590942
15.8,23.9,1.1063061952590942
25.6,23.9,1.109009027481079
20.0,23.9,1.1063061952590942
20.0,23.9,1.1063061952590942
17.9,23.9,1.1063061952590942
15.8,23.9,1.1045044660568237
17.9,23.9,1.1063061952590942
20.0,23.9,1.1081080436706543
17.9,23.9,1.1063061952590942
23.7,23.9,1.1081080436706543
17.9,23.9,1.1063061952590942
20.5,23.9,1.1045044660568237
17.9,23.9,1.1045044660568237
17.9,23.9,1.1045044660568237
22.0,23.9,1.1063061952590942
20.5,23.9,1.1045044660568237
20.5,23.9,1.1063061952590942
22.0,23.9,1.1063061952590942
30.2,23.9,1.1045044660568237
16.2,23.9,1.1063061952590942
15.8,23.9,1.1063061952590942
22.0,23.9,1.1063061952590942
20.0,23.9,1.1045044660568237
33.3,23.9,1.1045044660568237
16.2,23.9,1.1045044660568237
22.5,23.9,1.1063061952590942
25.6,23.9,1.1063061952590942
22.0,23.9,1.1063061952590942
22.0,23.9,1.1045044660568237
22.5,23.9,1.1045044660568237
22.0,23.9,1.1045044660568237
22.0,23.9,1.1063061952590942
18.4,23.9,1.1063061952590942
23.8,23.9,1.1063061952590942
22.0,23.9,1.1045044660568237
16.2,23.9,1.1045044660568237
28.9,23.9,1.1027026176452637
20.0,23.9,1.1045044660568237
25.6,23.9,1.1045044660568237
24.4,23.9,1.1045044660568237
13.5,23.9,1.1045044660568237
25.6,23.9,1.1063061952590942
20.5,23.9,1.1063061952590942
8.6,23.9,1.1045044660568237
15.8,23.9,1.1045044660568237
16.2,23.9,1.1063061952590942
17.9,23.9,1.1063061952590942
22.5,23.9,1.1063061952590942
28.9,23.9,1.1063061952590942
11.4,23.9,1.1045044660568237
13.5,23.9,1.1045044660568237
15.8,23.8,1.1045044660568237
17.9,23.9,1.1045044660568237
17.9,23.9,1.1045044660568237
25.0,23.9,1.1063061952590942
16.7,23.9,1.1045044660568237
22.0,23.9,1.1063061952590942
17.5,23.9,1.1045044660568237
24.4,23.9,1.1063061952590942
20.0,23.9,1.1063061952590942
22.0,23.9,1.1045044660568237
19.5,23.9,1.1045044660568237
20.0,23.9,1.1045044660568237
23.8,23.9,1.1045044660568237
22.0,23.9,1.1045044660568237
27.3,23.9,1.1063061952590942
18.4,23.9,1.1045044660568237
17.9,23.9,1.1045044660568237
17.9,23.9,1.1045044660568237
25.0,23.9,1.1045044660568237
26.2,23.9,1.1045044660568237
20.5,23.9,1.1063061952590942
15.8,23.9,1.1045044660568237
15.8,23.9,1.1063061952590942
20.0,23.9,1.1045044660568237
26.2,23.9,1.1063061952590942
22.0,23.9,1.1063061952590942
15.8,23.9,1.1045044660568237
11.4,23.9,1.1063061952590942
22.0,23.9,1.1045044660568237
20.0,23.9,1.1063061952590942
13.9,23.9,1.1045044660568237
20.0,23.9,1.1045044660568237
20.0,23.9,1.1045044660568237
20.0,23.9,1.1045044660568237
21.1,23.9,1.1045044660568237
18.4,23.9,1.1063061952590942
13.5,23.9,1.1063061952590942
15.8,23.9,1.1063061952590942
17.9,23.9,1.1063061952590942
22.0,23.9,1.1063061952590942
22.5,23.9,1.1063061952590942
13.2,23.9,1.1063061952590942
19.4,23.9,1.1081080436706543
15.8,23.9,1.1063061952590942
23.8,23.9,1.1063061952590942
17.9,23.9,1.1063061952590942
11.1,23.9,1.1063061952590942
13.5,23.9,1.1081080436706543
15.8,23.9,1.1063061952590942
15.8,23.9,1.1063061952590942
31.0,23.9,1.1063061952590942
15.8,23.9,1.1081080436706543
20.5,23.9,1.1063061952590942
17.9,23.9,1.1063061952590942
13.5,23.9,1.1063061952590942
22.0,23.9,1.1081080436706543
13.5,23.9,1.1063061952590942
13.5,23.9,1.1063061952590942
21.1,23.9,1.1081080436706543
17.9,23.9,1.1081080436706543
20.0,23.9,1.1063061952590942
23.8,23.9,1.1063061952590942
25.6,23.9,1.1063061952590942
20.5,23.9,1.0945944786071777
20.0,23.9,1.0981981754302979
15.8,23.9,1.1027026176452637
23.7,23.9,1.1045044660568237
21.6,23.9,1.1027026176452637
17.9,23.9,1.1045044660568237
15.8,23.9,1.1027026176452637
11.1,23.9,1.1027026176452637
17.9,23.9,1.1045044660568237
28.9,23.9,1.1045044660568237
23.8,23.9,1.1045044660568237
20.0,23.9,1.1045044660568237
21.1,23.9,1.1045044660568237
20.0,23.9,1.1045044660568237
23.8,23.9,1.1045044660568237
20.0,23.9,1.1027026176452637
15.8,23.9,1.1027026176452637
23.8,23.9,1.1027026176452637
22.0,23.9,1.1027026176452637
20.0,23.9,1.1045044660568237
27.3,23.9,1.1027026176452637
17.9,23.9,1.1027026176452637
20.0,23.9,1.1027026176452637
19.5,23.9,1.1027026176452637
13.5,23.9,1.1027026176452637
15.8,23.9,1.1009008884429932
18.9,23.9,1.1027026176452637
28.6,23.9,1.1027026176452637
22.0,23.9,1.1027026176452637
20.0,23.9,1.1027026176452637
20.0,23.9,1.1027026176452637
20.0,23.9,1.1045044660568237
15.8,23.9,1.1027026176452637
15.8,23.9,1.1027026176452637
11.1,23.9,1.1045044660568237
25.0,23.9,1.1045044660568237
25.6,23.9,1.1045044660568237
18.4,23.9,1.1027026176452637
20.0,23.9,1.1027026176452637
20.5,23.9,1.1027026176452637
15.8,23.9,1.1027026176452637
13.5,23.9,1.1027026176452637
15.8,23.9,1.1045044660568237
22.0,23.9,1.1027026176452637
15.8,23.9,1.1027026176452637
20.0,23.9,1.1027026176452637
13.9,23.9,1.1027026176452637
20.0,23.9,1.1027026176452637
25.6,23.9,1.1027026176452637
18.4,23.9,1.1027026176452637
17.9,23.9,1.1027026176452637
17.9,23.9,1.1045044660568237
22.0,23.9,1.1045044660568237
25.6,23.9,1.1027026176452637
20.0,23.9,1.1045044660568237
20.0,23.9,1.1027026176452637
22.5,23.9,1.1045044660568237
15.8,23.9,1.1045044660568237
30.4,23.9,1.1027026176452637
13.5,23.9,1.1027026176452637
25.6,23.9,1.1045044660568237
22.0,23.9,1.1045044660568237
17.9,23.9,1.1027026176452637
17.9,23.9,1.1009008884429932
23.8,23.9,1.1027026176452637
21.1,23.9,1.1045044660568237
20.0,23.9,1.1027026176452637
11.1,23.9,1.1027026176452637
23.8,23.9,1.1027026176452637
22.0,23.9,1.1009008884429932
13.5,23.9,1.1027026176452637
18.4,23.9,1.1009008884429932
13.5,23.9,1.1045044660568237
21.6,23.9,1.1045044660568237
23.8,23.9,1.1045044660568237
13.5,23.9,1.1027026176452637
15.8,23.9,1.1027026176452637
11.1,23.9,1.1045044660568237
22.0,23.9,1.1027026176452637
22.5,23.9,1.1045044660568237
22.0,23.9,1.1009008884429932
31.0,23.9,1.1027026176452637
13.9,23.9,1.1045044660568237
20.0,23.9,1.1027026176452637
20.0,23.9,1.1027026176452637
13.5,23.9,1.1027026176452637
22.0,23.9,1.1027026176452637
18.4,23.9,1.1045044660568237
17.9,23.9,1.1045044660568237
8.6,23.9,1.1027026176452637
22.0,23.9,1.1009008884429932
15.8,23.9,1.1027026176452637
23.8,23.9,1.1027026176452637
18.4,23.9,1.1009008884429932
8.6,23.9,1.1027026176452637
17.9,23.9,1.1027026176452637
