0.0,0.0,0.0
26.2,23.9,1.109009027481079
28.6,23.9,1.1108107566833496
24.3,23.9,1.1126126050949097
18.4,23.6,1.1108107566833496
17.9,23.6,1.1108107566833496
15.4,23.6,1.1108107566833496
11.4,23.6,1.1108107566833496
15.8,23.6,1.1108107566833496
15.8,23.6,1.1108107566833496
15.8,23.6,1.1108107566833496
23.8,23.6,1.1108107566833496
26.8,23.6,1.1108107566833496
16.7,23.6,1.1108107566833496
22.0,23.6,1.1108107566833496
15.8,23.6,1.1108107566833496
23.8,23.7,1.109009027481079
20.0,23.7,1.109009027481079
27.3,23.7,1.109009027481079
20.0,23.7,1.1108107566833496
21.1,23.7,1.1108107566833496
22.5,23.7,1.109009027481079
18.4,23.7,1.1108107566833496
17.9,23.7,1.1108107566833496
17.9,23.7,1.1108107566833496
27.3,23.7,1.1108107566833496
27.3,23.7,1.109009027481079
13.5,23.7,1.1108107566833496
22.2,23.7,1.109009027481079
23.8,23.7,1.1108107566833496
16.2,23.7,1.109009027481079
22.0,23.7,1.109009027481079
24.4,23.7,1.1108107566833496
23.8,23.7,1.109009027481079
24.4,23.7,1.1108107566833496
23.8,23.7,1.109009027481079
23.8,23.7,1.1108107566833496
16.2,23.7,1.1108107566833496
17.9,23.7,1.109009027481079
26.2,23.8,1.1108107566833496
20.0,23.7,1.109009027481079
13.5,23.7,1.1108107566833496
15.8,23.7,1.1108107566833496
17.9,23.7,1.1108107566833496
17.9,23.7,1.1108107566833496
5.9,23.8,1.1108107566833496
13.5,23.7,1.1108107566833496
22.0,23.8,1.1108107566833496
16.2,23.8,1.109009027481079
5.9,23.8,1.109009027481079
29.3,23.8,1.1126126050949097
27.5,23.7,1.109009027481079
17.9,23.7,1.1108107566833496
18.4,23.8,1.109009027481079
19.5,23.8,1.109009027481079
20.0,23.7,1.1126126050949097
16.2,23.8,1.109009027481079
17.9,23.7,1.1108107566833496
13.5,23.8,1.1108107566833496
17.9,23.8,1.109009027481079
13.5,23.8,1.109009027481079
13.5,23.8,1.109009027481079
20.0,23.7,1.109009027481079
25.6,23.7,1.1126126050949097
24.4,23.7,1.109009027481079
29.5,23.8,1.109009027481079
27.5,23.7,1.1108107566833496
27.5,23.7,1.1108107566833496
16.7,23.7,1.109009027481079
18.4,23.7,1.1108107566833496
17.9,23.8,1.109009027481079
23.8,23.7,1.1108107566833496
17.9,23.7,1.109009027481079
20.0,23.7,1.109009027481079
20.0,23.8,1.109009027481079
23.7,23.8,1.109009027481079
23.7,23.8,1.109009027481079
25.6,23.8,1.109009027481079
20.0,23.8,1.109009027481079
13.5,23.8,1.109009027481079
16.2,23.8,1.1108107566833496
17.9,23.8,1.109009027481079
20.0,23.8,1.1108107566833496
30.2,23.8,1.1081080436706543
25.0,23.8,1.109009027481079
15.8,23.8,1.109009027481079
13.5,23.8,1.109009027481079
13.5,23.8,1.109009027481079
27.3,23.8,1.1108107566833496
27.3,23.8,1.1108107566833496
22.0,23.8,1.109009027481079
27.3,23.7,1.109009027481079
27.3,23.7,1.109009027481079
18.4,23.8,1.109009027481079
18.4,23.8,1.109009027481079
17.9,23.8,1.1108107566833496
23.8,23.8,1.109009027481079
23.8,23.8,1.109009027481079
22.0,23.8,1.1108107566833496
22.0,23.8,1.1108107566833496
23.8,23.8,1.109009027481079
20.0,23.8,1.109009027481079
20.0,23.8,1.109009027481079
15.8,23.8,1.109009027481079
15.8,23.8,1.109009027481079
23.7,23.8,1.1108107566833496
23.7,23.8,1.1108107566833496
20.5,23.8,1.1108107566833496
20.5,23.8,1.109009027481079
20.0,23.8,1.109009027481079
15.8,23.8,1.109009027481079
11.4,23.8,1.1108107566833496
11.4,23.8,1.109009027481079
17.9,23.8,1.1108107566833496
23.1,23.8,1.1081080436706543
20.0,23.8,1.1108107566833496
13.9,23.8,1.109009027481079
17.9,23.8,1.1108107566833496
25.6,23.8,1.1108107566833496
18.4,23.8,1.1108107566833496
23.8,23.8,1.109009027481079
20.0,23.8,1.109009027481079
11.4,23.8,1.109009027481079
22.0,23.8,1.109009027481079
23.8,23.8,1.1108107566833496
23.8,23.8,1.109009027481079
22.5,23.8,1.109009027481079
22.0,23.8,1.109009027481079
22.0,23.7,1.109009027481079
17.9,23.8,1.1108107566833496
15.8,23.8,1.109009027481079
20.5,23.8,1.109009027481079
22.5,23.8,1.109009027481079
11.1,23.8,1.109009027481079
20.0,23.8,1.109009027481079
27.5,23.8,1.1108107566833496
15.8,23.8,1.109009027481079
20.5,23.8,1.109009027481079
22.0,23.8,1.1108107566833496
20.0,23.8,1.109009027481079
20.0,23.8,1.109009027481079
28.9,23.8,1.109009027481079
22.0,23.8,1.1081080436706543
20.0,23.8,1.1108107566833496
29.5,23.8,1.109009027481079
31.9,23.8,1.1081080436706543
22.5,23.8,1.109009027481079
15.8,23.8,1.109009027481079
20.0,23.8,1.109009027481079
21.1,23.8,1.1108107566833496
28.6,23.8,1.109009027481079
26.2,23.8,1.109009027481079
13.5,23.8,1.109009027481079
13.5,23.7,1.109009027481079
23.8,23.7,1.109009027481079
22.5,23.7,1.109009027481079
21.4,23.7,1.109009027481079
26.8,23.7,1.109009027481079
30.2,23.7,1.109009027481079
13.5,23.7,1.1108107566833496
20.0,23.7,1.109009027481079
18.4,23.8,1.1108107566833496
17.9,23.7,1.109009027481079
15.8,23.7,1.109009027481079
16.2,23.7,1.109009027481079
25.0,23.8,1.1108107566833496
25.0,23.8,1.109009027481079
24.4,23.8,1.1108107566833496
25.6,23.8,1.1108107566833496
27.9,23.8,1.1108107566833496
11.1,23.8,1.109009027481079
13.9,23.8,1.109009027481079
15.8,23.8,1.109009027481079
22.5,23.8,1.1108107566833496
23.8,23.8,1.1108107566833496
20.0,23.8,1.109009027481079
17.9,23.8,1.109009027481079
22.5,23.8,1.109009027481079
17.9,23.8,1.1108107566833496
17.9,23.8,1.109009027481079
24.4,23.8,1.109009027481079
17.9,23.8,1.109009027481079
17.9,23.8,1.109009027481079
23.8,23.8,1.1108107566833496
18.4,23.8,1.1108107566833496
22.0,23.8,1.1108107566833496
27.3,23.8,1.109009027481079
22.0,23.8,1.109009027481079
17.1,23.8,1.109009027481079
20.5,23.8,1.1108107566833496
18.4,23.8,1.109009027481079
20.0,23.7,1.109009027481079
22.0,23.7,1.109009027481079
18.4,23.8,1.1108107566833496
13.5,23.8,1.109009027481079
27.3,23.8,1.109009027481079
24.4,23.8,1.109009027481079
27.3,23.8,1.109009027481079
24.4,23.8,1.1108107566833496
23.8,23.8,1.109009027481079
23.8,23.8,1.109009027481079
17.9,23.8,1.1108107566833496
15.4,23.8,1.1108107566833496
24.3,23.8,1.1108107566833496
17.9,23.8,1.109009027481079
13.5,23.8,1.1108107566833496
25.6,23.8,1.109009027481079
23.3,23.8,1.1063061952590942
20.0,23.8,1.1045044660568237
23.8,23.8,1.1063061952590942
18.4,23.8,1.1063061952590942
31.7,23.8,1.1063061952590942
13.5,23.8,1.1063061952590942
22.0,23.8,1.1063061952590942
18.4,23.8,1.1045044660568237
22.0,23.8,1.1045044660568237
22.0,23.8,1.1045044660568237
22.0,23.8,1.1063061952590942
17.9,23.8,1.1063061952590942
20.0,23.8,1.1063061952590942
15.8,23.8,1.1045044660568237
20.0,23.8,1.1063061952590942
15.8,23.8,1.1063061952590942
13.5,23.8,1.1063061952590942
23.8,23.8,1.1045044660568237
20.5,23.8,1.1063061952590942
28.2,23.8,1.1063061952590942
22.0,23.8,1.1045044660568237
8.6,23.8,1.1045044660568237
13.5,23.8,1.1045044660568237
23.3,23.8,1.1063061952590942
25.6,23.8,1.1045044660568237
20.0,23.8,1.1063061952590942
21.1,23.8,1.1081080436706543
22.5,23.7,1.1063061952590942
30.4,23.8,1.1063061952590942
30.4,23.8,1.1045044660568237
15.8,23.7,1.1063061952590942
17.9,23.8,1.1045044660568237
17.9,23.8,1.1063061952590942
17.9,23.7,1.1045044660568237
20.0,23.8,1.1063061952590942
23.1,23.8,1.1081080436706543
26.2,23.8,1.1063061952590942
23.8,23.8,1.1045044660568237
22.0,23.8,1.1063061952590942
20.0,23.7,1.1063061952590942
19.5,23.8,1.1063061952590942
26.2,23.8,1.1063061952590942
23.8,23.7,1.1045044660568237
22.0,23.8,1.1045044660568237
15.8,23.8,1.1045044660568237
22.5,23.8,1.1063061952590942
22.0,23.8,1.1045044660568237
29.5,23.8,1.1063061952590942
27.9,23.8,1.1063061952590942
20.5,23.8,1.1063061952590942
11.1,23.8,1.1045044660568237
22.5,23.8,1.1045044660568237
22.0,23.8,1.1045044660568237
22.5,23.8,1.1045044660568237
18.4,23.8,1.1045044660568237
13.5,23.8,1.1045044660568237
18.4,23.8,1.1063061952590942
27.5,23.8,1.1063061952590942
26.2,23.8,1.1063061952590942
13.9,23.8,1.1045044660568237
13.5,23.8,1.1045044660568237
13.5,23.8,1.1045044660568237
20.5,23.8,1.1063061952590942
15.8,23.8,1.1063061952590942
17.9,23.8,1.1045044660568237
25.6,23.8,1.1027026176452637
22.5,23.8,1.1063061952590942
15.8,23.8,1.1045044660568237
16.2,23.8,1.1045044660568237
15.8,23.8,1.1063061952590942
16.2,23.8,1.1063061952590942
26.2,23.8,1.1045044660568237
22.0,23.8,1.1045044660568237
11.4,23.8,1.1045044660568237
13.5,23.8,1.1045044660568237
22.5,23.8,1.1045044660568237
22.5,23.8,1.1063061952590942
20.0,23.8,1.1063061952590942
18.4,23.8,1.1045044660568237
13.5,23.8,1.1045044660568237
18.4,23.8,1.1063061952590942
23.8,23.8,1.1045044660568237
20.0,23.8,1.1063061952590942
20.0,23.8,1.1063061952590942
8.8,23.8,1.1063061952590942
22.0,23.8,1.1045044660568237
18.4,23.8,1.1063061952590942
16.2,23.8,1.1063061952590942
23.8,23.8,1.1063061952590942
8.8,23.8,1.1063061952590942
22.0,23.8,1.1063061952590942
18.4,23.8,1.1063061952590942
24.4,23.8,1.1063061952590942
20.0,23.8,1.1045044660568237
13.9,23.8,1.1081080436706543
27.5,23.8,1.1063061952590942
20.5,23.8,1.1063061952590942
27.9,23.8,1.1045044660568237
22.0,23.8,1.1063061952590942
25.6,23.8,1.1063061952590942
13.9,23.8,1.1063061952590942
11.4,23.8,1.1081080436706543
18.9,23.8,1.1063061952590942
20.5,23.8,1.1045044660568237
27.3,23.8,1.1063061952590942
32.5,23.8,1.1045044660568237
26.2,23.8,1.1063061952590942
22.5,23.8,1.1063061952590942
20.5,23.8,1.1063061952590942
31.8,23.8,1.1063061952590942
23.7,23.8,1.1081080436706543
21.1,23.8,1.1063061952590942
20.5,23.8,1.1063061952590942
13.5,23.8,1.1063061952590942
22.5,23.8,1.1063061952590942
28.9,23.8,1.1081080436706543
22.5,23.8,1.1063061952590942
22.0,23.8,1.1045044660568237
22.0,23.8,1.1081080436706543
20.5,23.8,1.1063061952590942
23.8,23.8,1.1045044660568237
25.6,23.8,1.1081080436706543
16.2,23.8,1.1063061952590942
13.5,23.8,1.1063061952590942
20.5,23.8,1.1063061952590942
25.0,23.8,1.1063061952590942
33.3,23.8,1.1063061952590942
20.5,23.8,1.1063061952590942
16.2,23.8,1.1063061952590942
20.0,23.8,1.1063061952590942
20.5,23.8,1.1045044660568237
15.8,23.8,1.1063061952590942
20.5,23.8,1.1063061952590942
16.2,23.8,1.1063061952590942
16.2,23.8,1.1063061952590942
27.5,23.8,1.1081080436706543
18.9,23.8,1.1045044660568237
22.5,23.8,1.1063061952590942
23.8,23.8,1.1081080436706543
22.5,23.8,1.1063061952590942
24.4,23.8,1.1063061952590942
20.5,23.8,1.1063061952590942
24.4,23.8,1.1063061952590942
34.9,23.8,1.1063061952590942
22.5,23.8,1.1063061952590942
17.9,23.8,1.1063061952590942
20.0,23.8,1.1063061952590942
20.0,23.8,1.1063061952590942
17.5,23.8,1.1081080436706543
30.0,23.8,1.1063061952590942
22.0,23.8,1.1081080436706543
26.3,23.8,1.1081080436706543
17.9,23.8,1.1063061952590942
24.4,23.8,1.1081080436706543
17.9,23.8,1.1063061952590942
18.4,23.8,1.1063061952590942
26.2,23.8,1.1063061952590942
28.9,23.8,1.1063061952590942
28.9,23.8,1.1063061952590942
25.6,23.8,1.1063061952590942
25.6,23.8,1.1063061952590942
29.5,23.8,1.1063061952590942
22.0,23.8,1.1081080436706543
11.1,23.8,1.1081080436706543
13.9,23.8,1.1063061952590942
18.4,23.8,1.1063061952590942
31.0,23.8,1.1063061952590942
13.5,23.8,1.1063061952590942
18.4,23.8,1.1063061952590942
20.0,23.8,1.1063061952590942
17.9,23.8,1.1063061952590942
18.4,23.8,1.1063061952590942
22.0,23.8,1.1081080436706543
16.2,23.8,1.1063061952590942
5.9,23.8,1.1063061952590942
11.4,23.8,1.1063061952590942
15.8,23.8,1.1063061952590942
18.4,23.8,1.1063061952590942
22.0,23.8,1.1063061952590942
13.5,23.8,1.1063061952590942
24.4,23.8,1.1081080436706543
17.9,23.8,1.1045044660568237
15.8,23.8,1.1063061952590942
17.9,23.8,1.1063061952590942
13.5,23.8,1.1063061952590942
20.0,23.8,1.1063061952590942
20.5,23.8,1.1081080436706543
17.9,23.8,1.1063061952590942
15.8,23.8,1.1063061952590942
23.8,23.8,1.1063061952590942
23.8,23.8,1.1063061952590942
22.5,23.8,1.1063061952590942
17.9,23.8,1.1063061952590942
20.0,23.8,1.1063061952590942
18.4,23.8,1.1045044660568237
18.4,23.8,1.1063061952590942
27.3,23.8,1.1063061952590942
22.0,23.8,1.1081080436706543
15.8,23.8,1.1081080436706543
20.5,23.8,1.1063061952590942
22.0,23.8,1.1063061952590942
24.4,23.8,1.1063061952590942
26.8,23.8,1.1063061952590942
26.8,23.8,1.1063061952590942
24.4,23.8,1.1063061952590942
20.0,23.8,1.1063061952590942
22.0,23.8,1.1081080436706543
13.9,23.8,1.1063061952590942
23.8,23.8,1.1063061952590942
13.5,23.8,1.1063061952590942
25.0,23.8,1.1081080436706543
26.2,23.8,1.1063061952590942
26.2,23.8,1.1063061952590942
22.0,23.8,1.1063061952590942
27.3,23.8,1.1063061952590942
17.9,23.8,1.1063061952590942
27.3,23.8,1.1063061952590942
15.8,23.8,1.1063061952590942
18.9,23.8,1.1063061952590942
24.4,23.8,1.1063061952590942
15.8,23.8,1.1063061952590942
22.0,23.8,1.1063061952590942
17.9,23.8,1.1063061952590942
20.5,23.8,1.1063061952590942
22.0,23.8,1.1063061952590942
17.9,23.8,1.1063061952590942
23.7,23.8,1.1081080436706543
18.4,23.8,1.1081080436706543
15.8,23.8,1.1063061952590942
17.9,23.8,1.1081080436706543
13.5,23.8,1.1063061952590942
17.9,23.8,1.1063061952590942
20.5,23.8,1.1081080436706543
11.1,23.8,1.1045044660568237
17.1,23.8,1.1063061952590942
32.6,23.8,1.1081080436706543
18.4,23.8,1.1063061952590942
11.1,23.8,1.1063061952590942
15.8,23.8,1.1063061952590942
13.9,23.8,1.1063061952590942
23.8,23.8,1.1063061952590942
22.0,23.8,1.1081080436706543
17.9,23.8,1.1063061952590942
26.3,23.8,1.1081080436706543
22.0,23.8,1.1063061952590942
15.8,23.8,1.1063061952590942
16.2,23.8,1.1063061952590942
17.5,23.8,1.1063061952590942
20.5,23.8,1.1063061952590942
27.3,23.8,1.1063061952590942
27.3,23.8,1.1063061952590942
20.0,23.8,1.1063061952590942
22.0,23.8,1.1063061952590942
23.8,23.8,1.1045044660568237
22.5,23.8,1.1063061952590942
23.8,23.8,1.1063061952590942
17.9,23.8,1.1063061952590942
20.5,23.8,1.1063061952590942
17.9,23.8,1.1063061952590942
13.5,23.8,1.1063061952590942
22.0,23.8,1.1081080436706543
22.0,23.8,1.1063061952590942
25.6,23.8,1.1063061952590942
11.4,23.8,1.1063061952590942
13.5,23.8,1.1045044660568237
22.0,23.8,1.1063061952590942
23.8,23.8,1.1045044660568237
18.4,23.8,1.1081080436706543
20.0,23.8,1.1045044660568237
28.9,23.8,1.1045044660568237
27.9,23.8,1.1063061952590942
25.6,23.8,1.1045044660568237
22.0,23.8,1.1063061952590942
20.0,23.8,1.1063061952590942
16.2,23.8,1.1063061952590942
17.9,23.8,1.1063061952590942
23.8,23.8,1.1045044660568237
23.8,23.8,1.1063061952590942
24.4,23.8,1.1063061952590942
22.0,23.8,1.1081080436706543
20.0,23.8,1.1045044660568237
20.0,23.8,1.1063061952590942
17.9,23.8,1.1045044660568237
17.9,23.8,1.1045044660568237
20.0,23.8,1.1063061952590942
17.9,23.8,1.1063061952590942
25.0,23.8,1.1063061952590942
26.8,23.9,1.1063061952590942
20.0,23.9,1.1063061952590942
13.5,23.8,1.1063061952590942
23.8,23.9,1.1063061952590942
23.8,23.8,1.1063061952590942
20.5,23.8,1.1045044660568237
13.5,23.8,1.1063061952590942
23.8,23.8,1.1045044660568237
15.8,23.8,1.1063061952590942
18.4,23.8,1.1063061952590942
17.9,23.8,1.1081080436706543
20.0,23.8,1.1063061952590942
20.0,23.8,1.1063061952590942
15.8,23.9,1.1063061952590942
28.2,23.8,1.1081080436706543
24.4,23.8,1.1063061952590942
17.9,23.8,1.1045044660568237
24.4,23.8,1.1063061952590942
17.9,23.8,1.1063061952590942
27.3,23.8,1.1081080436706543
24.4,23.8,1.1063061952590942
24.4,23.8,1.1063061952590942
17.9,23.8,1.1063061952590942
26.3,23.9,1.1045044660568237
24.4,23.9,1.1027026176452637
20.0,23.8,1.1045044660568237
23.8,23.8,1.1045044660568237
17.9,23.8,1.1045044660568237
15.8,23.8,1.1045044660568237
24.4,23.8,1.1027026176452637
22.0,23.8,1.1045044660568237
24.3,23.8,1.1063061952590942
13.9,23.8,1.1045044660568237
22.0,23.9,1.1045044660568237
22.0,23.8,1.1045044660568237
15.8,23.9,1.1045044660568237
17.9,23.8,1.1027026176452637
15.8,23.8,1.1045044660568237
13.5,23.9,1.1045044660568237
17.9,23.8,1.1045044660568237
17.9,23.8,1.1045044660568237
18.4,23.8,1.1027026176452637
20.0,23.8,1.1045044660568237
23.8,23.8,1.1045044660568237
20.0,23.8,1.1045044660568237
17.9,23.8,1.1045044660568237
25.6,23.8,1.1045044660568237
15.8,23.8,1.1045044660568237
20.0,23.8,1.1027026176452637
20.0,23.8,1.1045044660568237
22.0,23.8,1.1027026176452637
25.6,23.8,1.1027026176452637
23.8,23.8,1.1045044660568237
22.5,23.9,1.1027026176452637
25.6,23.8,1.1045044660568237
28.6,23.8,1.1045044660568237
20.0,23.8,1.1045044660568237
28.9,23.8,1.1045044660568237
20.0,23.8,1.1045044660568237
22.0,23.8,1.1027026176452637
15.8,23.8,1.1045044660568237
23.8,23.8,1.1045044660568237
22.0,23.8,1.1027026176452637
22.0,23.8,1.1045044660568237
15.8,23.8,1.1045044660568237
26.2,23.8,1.1045044660568237
13.5,23.8,1.1027026176452637
25.6,23.8,1.1027026176452637
23.8,23.8,1.1045044660568237
18.4,23.8,1.1045044660568237
17.9,23.8,1.1027026176452637
16.2,23.8,1.1027026176452637
18.4,23.8,1.1045044660568237
15.8,23.8,1.1045044660568237
20.5,23.8,1.1045044660568237
15.8,23.8,1.1045044660568237
13.9,23.8,1.1045044660568237
24.4,23.8,1.1045044660568237
13.9,23.8,1.1027026176452637
15.8,23.8,1.1045044660568237
15.8,23.8,1.1045044660568237
22.5,23.8,1.1027026176452637
25.6,23.8,1.1027026176452637
22.0,23.8,1.1045044660568237
27.3,23.8,1.1045044660568237
20.0,23.8,1.1045044660568237
20.5,23.8,1.1027026176452637
20.0,23.8,1.1027026176452637
15.8,23.8,1.1045044660568237
22.0,23.8,1.1045044660568237
22.5,23.8,1.1027026176452637
13.9,23.8,1.1027026176452637
17.9,23.8,1.1027026176452637
23.8,23.8,1.1045044660568237
29.5,23.8,1.1045044660568237
25.6,23.8,1.1027026176452637
18.4,23.8,1.1027026176452637
22.0,23.8,1.1027026176452637
25.6,23.8,1.1027026176452637
20.5,23.8,1.1027026176452637
23.8,23.8,1.1045044660568237
23.8,23.8,1.1027026176452637
23.8,23.8,1.1027026176452637
23.8,23.8,1.1045044660568237
15.8,23.8,1.1045044660568237
34.1,23.8,1.1063061952590942
16.7,23.8,1.1045044660568237
15.8,23.8,1.1045044660568237
24.4,23.8,1.1045044660568237
20.0,23.8,1.1027026176452637
32.5,23.8,1.1045044660568237
17.9,23.8,1.1045044660568237
20.5,23.8,1.1045044660568237
15.8,23.8,1.1063061952590942
18.4,23.8,1.1045044660568237
20.0,23.8,1.1045044660568237
20.5,23.8,1.1063061952590942
15.8,23.9,1.1045044660568237
16.2,23.9,1.1045044660568237
20.0,23.9,1.1045044660568237
27.0,23.9,1.1027026176452637
31.8,23.9,1.1045044660568237
22.5,23.9,1.1045044660568237
20.5,23.9,1.1045044660568237
15.8,23.9,1.1063061952590942
17.9,23.9,1.1045044660568237
24.4,23.9,1.1063061952590942
31.0,23.9,1.1063061952590942
20.5,23.9,1.1045044660568237
16.2,23.9,1.1045044660568237
22.0,23.9,1.1063061952590942
20.5,23.9,1.1045044660568237
20.0,23.9,1.1063061952590942
26.2,23.9,1.1045044660568237
20.5,23.9,1.1063061952590942
20.5,23.9,1.1063061952590942
16.2,23.9,1.1045044660568237
20.5,23.9,1.1045044660568237
23.8,23.9,1.1045044660568237
16.2,23.9,1.1045044660568237
15.8,23.9,1.1063061952590942
20.5,23.9,1.1045044660568237
16.2,23.9,1.1063061952590942
23.1,23.9,1.1045044660568237
20.5,23.9,1.1045044660568237
23.8,23.9,1.1045044660568237
20.5,23.9,1.1045044660568237
24.4,23.9,1.1045044660568237
28.9,23.9,1.1045044660568237
20.5,23.9,1.1045044660568237
23.8,23.9,1.1045044660568237
26.2,23.9,1.1063061952590942
20.0,23.9,1.1045044660568237
20.0,23.9,1.1027026176452637
18.4,23.9,1.1045044660568237
16.2,23.9,1.1045044660568237
22.0,23.9,1.1081080436706543
31.0,23.9,1.1063061952590942
20.0,23.9,1.1045044660568237
23.3,23.9,1.1045044660568237
15.4,23.9,1.1045044660568237
15.4,23.9,1.1045044660568237
11.1,23.9,1.1045044660568237
13.2,23.9,1.1045044660568237
20.0,23.9,1.1063061952590942
11.8,23.9,1.1045044660568237
23.8,23.9,1.1063061952590942
29.3,23.9,1.1045044660568237
35.0,23.9,1.1063061952590942
22.5,23.9,1.1063061952590942
23.8,23.9,1.1063061952590942
15.8,23.9,1.1045044660568237
13.5,23.9,1.1045044660568237
16.2,23.9,1.1045044660568237
17.9,23.9,1.1045044660568237
23.8,23.9,1.1045044660568237
20.0,23.9,1.1063061952590942
20.0,23.9,1.1063061952590942
18.4,23.9,1.1063061952590942
18.4,23.9,1.1045044660568237
20.0,23.9,1.1045044660568237
17.9,23.9,1.1063061952590942
17.9,23.9,1.1063061952590942
15.8,23.9,1.1063061952590942
13.5,23.9,1.1045044660568237
17.9,23.9,1.1045044660568237
20.0,23.9,1.1045044660568237
20.0,23.9,1.1063061952590942
17.9,23.9,1.1027026176452637
17.9,23.9,1.1027026176452637
17.9,23.9,1.1063061952590942
20.0,23.9,1.1045044660568237
22.0,23.9,1.1045044660568237
15.8,23.9,1.1045044660568237
13.5,23.9,1.1063061952590942
13.5,23.9,1.1063061952590942
23.8,23.9,1.1045044660568237
23.8,23.9,1.1045044660568237
20.0,23.9,1.1045044660568237
25.6,23.9,1.1063061952590942
25.6,23.9,1.1063061952590942
23.8,23.9,1.1063061952590942
23.8,23.9,1.1063061952590942
15.8,23.9,1.1045044660568237
13.5,23.9,1.1045044660568237
13.5,23.9,1.1045044660568237
13.2,23.9,1.1045044660568237
13.2,23.9,1.1045044660568237
17.9,23.9,1.1063061952590942
17.9,23.9,1.1045044660568237
22.0,23.9,1.1063061952590942
13.5,23.9,1.1045044660568237
13.5,23.9,1.1063061952590942
13.5,23.9,1.1045044660568237
13.5,23.9,1.1045044660568237
11.1,23.9,1.1063061952590942
25.6,23.9,1.1063061952590942
20.0,23.9,1.1045044660568237
24.4,23.9,1.1063061952590942
33.3,23.9,1.1063061952590942
17.9,23.9,1.1063061952590942
15.8,23.9,1.1045044660568237
13.5,23.9,1.1063061952590942
15.4,23.9,1.1045044660568237
20.0,23.9,1.1063061952590942
22.0,23.9,1.1045044660568237
22.0,23.9,1.1063061952590942
13.5,23.9,1.1045044660568237
22.0,23.9,1.1063061952590942
13.5,23.9,1.1045044660568237
22.0,23.9,1.1045044660568237
22.0,23.9,1.1045044660568237
18.4,23.9,1.1045044660568237
28.6,23.9,1.1045044660568237
28.2,23.9,1.1081080436706543
28.9,23.9,1.1081080436706543
18.9,23.9,1.1045044660568237
15.8,23.9,1.1045044660568237
20.0,23.9,1.1045044660568237
15.8,23.9,1.1063061952590942
20.5,23.9,1.1045044660568237
20.0,23.9,1.1063061952590942
15.8,23.9,1.1045044660568237
15.8,23.9,1.1027026176452637
18.9,23.9,1.1063061952590942
27.9,23.9,1.1045044660568237
20.0,23.9,1.1063061952590942
15.8,23.9,1.1045044660568237
16.2,23.9,1.1063061952590942
25.6,23.9,1.1045044660568237
20.0,23.9,1.1045044660568237
22.5,23.9,1.1045044660568237
21.6,23.9,1.1045044660568237
16.2,23.9,1.1045044660568237
23.8,23.9,1.1063061952590942
17.9,23.9,1.1063061952590942
27.9,23.9,1.1063061952590942
20.0,23.9,1.1045044660568237
16.2,23.9,1.1063061952590942
25.6,23.9,1.1027026176452637
23.8,23.9,1.1063061952590942
22.0,23.9,1.1045044660568237
20.5,23.9,1.1063061952590942
22.0,23.9,1.1045044660568237
13.5,23.9,1.1063061952590942
20.0,24.0,1.1045044660568237
24.4,23.9,1.1045044660568237
11.1,24.0,1.1045044660568237
16.2,24.0,1.1045044660568237
22.0,24.0,1.1045044660568237
15.8,24.0,1.1045044660568237
24.4,24.0,1.1063061952590942
13.5,24.0,1.1081080436706543
15.8,24.0,1.1063061952590942
28.2,24.0,1.1063061952590942
23.8,24.0,1.1045044660568237
20.5,24.0,1.1045044660568237
19.5,23.9,1.1045044660568237
24.4,23.9,1.1063061952590942
20.0,23.9,1.1045044660568237
13.9,23.9,1.1063061952590942
22.0,23.9,1.1045044660568237
23.8,23.9,1.1063061952590942
25.6,23.9,1.1045044660568237
24.4,23.9,1.1063061952590942
20.0,23.9,1.1045044660568237
20.0,23.9,1.1045044660568237
20.0,23.9,1.1045044660568237
18.4,23.9,1.1063061952590942
22.0,23.9,1.1063061952590942
22.0,23.9,1.1063061952590942
13.5,23.9,1.1045044660568237
22.5,23.9,1.1045044660568237
20.0,23.9,1.1063061952590942
16.2,24.0,1.1063061952590942
15.8,24.0,1.1045044660568237
27.5,23.9,1.1081080436706543
22.0,23.9,1.1045044660568237
20.5,23.9,1.1045044660568237
18.4,23.9,1.1045044660568237
23.8,23.9,1.1063061952590942
27.9,23.9,1.1045044660568237
23.8,23.9,1.1045044660568237
18.4,23.9,1.1063061952590942
26.3,23.9,1.1063061952590942
22.0,24.0,1.1045044660568237
22.0,23.9,1.1063061952590942
17.9,23.9,1.1045044660568237
20.0,23.9,1.1045044660568237
20.0,23.9,1.1045044660568237
22.0,23.9,1.1063061952590942
20.0,23.9,1.1045044660568237
23.8,23.9,1.1045044660568237
18.4,23.9,1.1045044660568237
22.0,23.9,1.1045044660568237
15.8,23.9,1.1045044660568237
18.4,23.9,1.1045044660568237
15.8,23.9,1.1063061952590942
15.8,23.9,1.1063061952590942
21.1,23.9,1.1063061952590942
31.7,23.9,1.1063061952590942
25.0,23.9,1.1045044660568237
20.0,23.9,1.1045044660568237
17.9,23.9,1.1045044660568237
20.0,23.9,1.1045044660568237
20.5,23.9,1.1027026176452637
17.9,24.0,1.1027026176452637
8.6,24.0,1.1009008884429932
21.6,24.0,1.1045044660568237
31.8,23.9,1.1009008884429932
20.0,23.9,1.1009008884429932
18.4,23.9,1.1009008884429932
17.9,24.0,1.1027026176452637
20.0,24.0,1.1027026176452637
27.3,23.9,1.1027026176452637
17.9,24.0,1.1027026176452637
23.1,24.0,1.1045044660568237
21.1,24.0,1.1027026176452637
22.0,24.0,1.1027026176452637
22.0,24.0,1.1027026176452637
28.9,24.0,1.1027026176452637
13.5,24.0,1.1027026176452637
23.8,24.0,1.1027026176452637
17.9,24.0,1.1027026176452637
25.0,24.0,1.1045044660568237
25.6,24.0,1.1045044660568237
20.5,24.0,1.1027026176452637
20.0,24.0,1.1045044660568237
15.8,24.0,1.1027026176452637
20.0,24.0,1.1045044660568237
22.0,24.0,1.1027026176452637
15.8,24.0,1.1027026176452637
22.0,24.0,1.1027026176452637
25.0,24.0,1.1027026176452637
16.2,24.0,1.1027026176452637
20.0,24.0,1.1027026176452637
17.9,24.0,1.1027026176452637
10.8,24.0,1.1009008884429932
13.5,24.0,1.1027026176452637
22.0,24.0,1.1009008884429932
22.5,24.0,1.1027026176452637
27.3,24.0,1.1027026176452637
20.0,24.0,1.1027026176452637
15.8,24.0,1.1027026176452637
13.9,24.0,1.1027026176452637
22.0,24.0,1.1027026176452637
17.9,24.0,1.1045044660568237
22.5,24.0,1.1009008884429932
22.5,24.0,1.1027026176452637
27.5,24.0,1.1027026176452637
17.9,24.0,1.1027026176452637
18.4,24.0,1.1027026176452637
15.8,24.0,1.1027026176452637
15.8,24.0,1.1027026176452637
17.9,24.0,1.1027026176452637
20.5,24.0,1.1009008884429932
20.5,24.0,1.1027026176452637
31.7,24.0,1.1009008884429932
25.6,24.0,1.1027026176452637
22.5,24.0,1.1009008884429932
16.2,24.0,1.1009008884429932
20.5,24.0,1.1027026176452637
8.6,24.0,1.1027026176452637
11.1,24.0,1.1027026176452637
20.5,24.0,1.1009008884429932
32.6,24.0,1.1045044660568237
13.9,24.0,1.1027026176452637
15.8,23.9,1.1009008884429932
20.0,24.0,1.1027026176452637
22.5,24.0,1.1027026176452637
23.8,24.0,1.1027026176452637
17.9,24.0,1.1027026176452637
18.4,24.0,1.1027026176452637
25.6,24.0,1.1027026176452637
16.2,23.9,1.1027026176452637
20.0,23.9,1.1009008884429932
22.5,23.9,1.1027026176452637
17.9,23.9,1.1009008884429932
25.6,23.9,1.1027026176452637
16.2,23.9,1.1009008884429932
23.8,24.0,1.1009008884429932
11.4,24.0,1.1027026176452637
23.8,24.0,1.1027026176452637
13.9,24.0,1.1027026176452637
20.0,23.9,1.1027026176452637
15.8,23.9,1.1027026176452637
13.9,24.0,1.1027026176452637
20.0,24.0,1.1027026176452637
16.2,24.0,1.1027026176452637
20.0,23.9,1.1045044660568237
13.5,24.0,1.1045044660568237
30.2,24.0,1.1027026176452637
22.2,24.0,1.1045044660568237
22.5,24.0,1.1027026176452637
21.1,24.0,1.1045044660568237
28.2,24.0,1.1045044660568237
22.5,24.0,1.1027026176452637
16.2,24.0,1.1027026176452637
20.0,24.0,1.1045044660568237
13.9,23.9,1.1027026176452637
26.2,24.0,1.1027026176452637
20.0,24.0,1.1045044660568237
22.0,24.0,1.1045044660568237
31.6,24.0,1.1027026176452637
31.6,24.0,1.1045044660568237
20.5,24.0,1.1027026176452637
25.6,24.0,1.1045044660568237
25.6,24.0,1.1027026176452637
26.2,24.0,1.1045044660568237
20.0,24.0,1.1027026176452637
29.5,24.0,1.1027026176452637
21.6,24.0,1.1063061952590942
18.4,24.0,1.1045044660568237
15.8,24.0,1.1027026176452637
18.4,24.0,1.1045044660568237
13.5,24.0,1.1045044660568237
22.5,23.9,1.1027026176452637
23.8,23.9,1.1027026176452637
22.5,24.0,1.1045044660568237
31.0,24.0,1.1063061952590942
27.5,24.0,1.1063061952590942
18.4,24.0,1.1027026176452637
15.8,24.0,1.1027026176452637
22.0,24.0,1.1027026176452637
18.4,24.0,1.1045044660568237
13.9,24.0,1.1063061952590942
13.5,24.0,1.1045044660568237
15.8,24.0,1.1045044660568237
26.2,23.9,1.1027026176452637
20.0,24.0,1.1045044660568237
11.8,24.0,1.1063061952590942
22.5,24.0,1.1045044660568237
15.8,24.0,1.1027026176452637
11.4,24.0,1.1045044660568237
17.9,24.0,1.1027026176452637
28.2,24.0,1.1045044660568237
20.0,24.0,1.1027026176452637
26.2,23.9,1.1027026176452637
13.5,23.9,1.1045044660568237
23.3,23.9,1.1027026176452637
15.8,23.9,1.1027026176452637
17.5,23.9,1.1045044660568237
17.5,23.9,1.1045044660568237
23.1,23.9,1.1063061952590942
17.9,23.9,1.1027026176452637
20.0,23.9,1.1027026176452637
17.5,23.9,1.1063061952590942
13.2,23.9,1.1027026176452637
22.0,23.9,1.1063061952590942
15.4,23.9,1.1045044660568237
19.5,23.9,1.1045044660568237
11.1,23.9,1.1045044660568237
20.9,23.9,1.1063061952590942
17.5,23.9,1.1045044660568237
30.0,23.9,1.1045044660568237
38.1,24.0,1.1045044660568237
17.9,24.0,1.1045044660568237
31.1,24.0,1.1045044660568237
25.0,24.0,1.1063061952590942
17.9,24.0,1.1045044660568237
20.5,24.0,1.1045044660568237
27.3,24.0,1.1045044660568237
20.5,23.9,1.1063061952590942
20.0,23.9,1.1045044660568237
20.0,23.9,1.1045044660568237
20.0,24.0,1.1045044660568237
28.6,24.0,1.1081080436706543
23.7,23.9,1.1045044660568237
20.0,24.0,1.1045044660568237
13.5,24.0,1.1045044660568237
16.2,24.0,1.1063061952590942
17.9,24.0,1.1045044660568237
13.9,24.0,1.1063061952590942
15.8,24.0,1.1045044660568237
18.4,24.0,1.1045044660568237
17.9,24.0,1.1045044660568237
22.5,24.0,1.1045044660568237
20.0,24.0,1.1045044660568237
11.4,24.0,1.1045044660568237
22.0,24.0,1.1045044660568237
20.0,23.9,1.1045044660568237
25.0,24.0,1.1045044660568237
25.0,24.0,1.1045044660568237
13.5,24.0,1.1045044660568237
20.5,24.0,1.1045044660568237
17.9,24.0,1.1045044660568237
20.5,24.0,1.1045044660568237
18.4,24.0,1.1027026176452637
17.9,24.0,1.1045044660568237
21.6,24.0,1.1063061952590942
30.0,24.0,1.1063061952590942
20.5,24.0,1.1045044660568237
15.8,24.0,1.1045044660568237
20.5,24.0,1.1027026176452637
23.8,24.0,1.1045044660568237
23.8,23.9,1.1045044660568237
26.2,23.9,1.1045044660568237
22.0,24.0,1.1045044660568237
29.3,24.0,1.1045044660568237
15.8,24.0,1.1027026176452637
24.4,24.0,1.1045044660568237
13.5,23.9,1.1027026176452637
22.0,24.0,1.1045044660568237
13.5,24.0,1.1045044660568237
15.8,23.9,1.1045044660568237
20.5,23.9,1.1045044660568237
25.6,24.0,1.1045044660568237
18.4,24.0,1.1063061952590942
23.8,24.0,1.1045044660568237
26.2,24.0,1.1063061952590942
22.5,24.0,1.1045044660568237
17.9,24.0,1.1045044660568237
20.0,24.0,1.1045044660568237
24.3,24.0,1.1045044660568237
17.9,24.0,1.1045044660568237
20.5,24.0,1.1027026176452637
27.3,24.0,1.1027026176452637
16.2,24.0,1.1045044660568237
16.2,24.0,1.1045044660568237
15.8,24.0,1.1045044660568237
17.9,24.0,1.1045044660568237
22.5,24.0,1.1063061952590942
20.5,24.0,1.1045044660568237
13.9,24.0,1.1045044660568237
20.0,23.9,1.1045044660568237
20.5,23.9,1.1045044660568237
22.0,23.9,1.1063061952590942
13.5,23.9,1.1063061952590942
18.4,24.0,1.1063061952590942
18.4,24.0,1.1045044660568237
20.0,24.0,1.1045044660568237
16.2,24.0,1.1045044660568237
18.4,24.0,1.1045044660568237
22.5,23.9,1.1045044660568237
16.2,24.0,1.1027026176452637
15.8,23.9,1.1045044660568237
16.2,24.0,1.1045044660568237
25.6,24.0,1.1045044660568237
13.9,24.0,1.1027026176452637
15.8,24.0,1.1045044660568237
17.9,23.9,1.1045044660568237
20.0,23.9,1.1045044660568237
22.0,24.0,1.1045044660568237
24.4,24.0,1.1045044660568237
13.5,24.0,1.1045044660568237
25.6,24.0,1.1045044660568237
22.5,24.0,1.1027026176452637
8.6,23.9,1.1027026176452637
20.0,23.9,1.1045044660568237
22.5,23.9,1.1045044660568237
24.4,24.0,1.1045044660568237
23.8,24.0,1.1027026176452637
11.4,24.0,1.1045044660568237
13.5,24.0,1.1045044660568237
11.1,23.9,1.1045044660568237
20.5,23.9,1.1045044660568237
21.1,23.9,1.1045044660568237
24.4,24.0,1.1045044660568237
16.2,24.0,1.1045044660568237
27.3,23.9,1.1027026176452637
22.0,23.9,1.1027026176452637
17.9,24.0,1.1045044660568237
22.0,24.0,1.1063061952590942
22.5,24.0,1.1027026176452637
26.8,24.0,1.1045044660568237
27.9,24.0,1.1045044660568237
22.5,24.0,1.1045044660568237
23.8,24.0,1.1027026176452637
20.0,24.0,1.1045044660568237
10.8,24.0,1.1045044660568237
20.0,24.0,1.1045044660568237
20.0,24.0,1.1045044660568237
27.3,24.0,1.1027026176452637
20.0,24.0,1.1027026176452637
23.8,24.0,1.1045044660568237
13.2,24.0,1.1027026176452637
17.9,24.0,1.1045044660568237
13.5,24.0,1.1063061952590942
13.5,24.0,1.1027026176452637
22.0,24.0,1.1045044660568237
20.0,24.0,1.1063061952590942
16.2,24.0,1.1045044660568237
17.9,24.0,1.1027026176452637
8.6,24.0,1.1045044660568237
17.9,24.0,1.1045044660568237
20.0,24.0,1.1027026176452637
15.8,24.0,1.1045044660568237
16.2,24.0,1.1045044660568237
17.9,24.0,1.1045044660568237
22.0,24.0,1.1045044660568237
17.9,24.0,1.1027026176452637
15.8,24.0,1.1045044660568237
17.9,24.0,1.1027026176452637
13.9,24.0,1.1027026176452637
29.3,24.0,1.1045044660568237
18.4,24.0,1.1045044660568237
17.9,24.0,1.1045044660568237
13.9,24.0,1.1045044660568237
22.0,24.0,1.1045044660568237
24.4,24.0,1.1045044660568237
23.8,24.0,1.1045044660568237
24.4,24.0,1.1045044660568237
22.0,24.0,1.1045044660568237
22.0,24.0,1.1027026176452637
20.0,24.0,1.1027026176452637
24.4,24.0,1.1027026176452637
13.5,24.0,1.1045044660568237
19.5,24.0,1.1045044660568237
24.4,24.0,1.1045044660568237
22.0,24.0,1.1045044660568237
22.5,24.0,1.1027026176452637
20.0,24.0,1.1027026176452637
20.5,24.0,1.1045044660568237
17.9,24.0,1.1027026176452637
23.3,24.0,1.1009008884429932
18.9,24.0,1.1009008884429932
18.9,24.0,1.1027026176452637
22.0,24.0,1.1009008884429932
18.4,24.0,1.1009008884429932
23.8,24.0,1.1027026176452637
27.9,24.0,1.1027026176452637
22.0,24.0,1.1009008884429932
22.0,24.0,1.1009008884429932
20.5,24.0,1.1027026176452637
20.5,24.0,1.1027026176452637
18.9,24.0,1.1009008884429932
16.2,24.0,1.1027026176452637
17.5,24.0,1.1027026176452637
13.5,24.0,1.1027026176452637
13.5,24.0,1.1027026176452637
20.0,24.0,1.1027026176452637
17.9,24.0,1.1027026176452637
15.8,24.0,1.1045044660568237
20.0,24.0,1.1009008884429932
17.9,24.0,1.1009008884429932
23.8,24.0,1.1027026176452637
20.0,24.0,1.1027026176452637
15.8,24.0,1.1009008884429932
18.4,24.0,1.1027026176452637
30.2,24.0,1.1027026176452637
20.5,24.0,1.1009008884429932
20.0,24.0,1.1027026176452637
17.5,24.0,1.1009008884429932
27.9,24.0,1.1009008884429932
15.4,24.0,1.1027026176452637
13.5,24.0,1.1027026176452637
17.9,24.0,1.1027026176452637
11.1,24.0,1.1009008884429932
20.0,24.0,1.1027026176452637
15.8,24.0,1.1027026176452637
5.9,24.0,1.1027026176452637
11.1,24.0,1.1009008884429932
25.6,24.0,1.1027026176452637
22.0,24.0,1.1009008884429932
17.9,24.0,1.1009008884429932
15.8,24.0,1.1009008884429932
22.5,24.0,1.1009008884429932
17.9,24.0,1.1027026176452637
26.2,24.0,1.1027026176452637
18.4,24.0,1.1027026176452637
20.5,24.0,1.1027026176452637
24.3,24.0,1.1027026176452637
13.5,24.0,1.1009008884429932
20.5,24.0,1.099099040031433
16.2,24.0,1.1009008884429932
17.9,24.0,1.1009008884429932
22.5,24.0,1.1027026176452637
20.5,24.0,1.1009008884429932
16.2,24.0,1.1009008884429932
28.2,24.0,1.1045044660568237
28.9,24.0,1.1009008884429932
26.2,24.0,1.1027026176452637
26.2,24.0,1.1027026176452637
13.5,24.0,1.1027026176452637
26.2,24.0,1.1009008884429932
22.0,24.0,1.1009008884429932
13.5,24.0,1.1027026176452637
13.9,24.0,1.1009008884429932
17.9,24.0,1.1009008884429932
23.8,24.0,1.1009008884429932
22.5,24.0,1.1009008884429932
17.9,24.0,1.1027026176452637
20.5,24.0,1.1009008884429932
18.4,24.0,1.1027026176452637
27.9,24.0,1.1009008884429932
25.6,24.0,1.1009008884429932
22.5,24.0,1.1009008884429932
17.9,24.0,1.1009008884429932
27.3,24.0,1.1027026176452637
16.2,24.0,1.1027026176452637
17.9,24.0,1.1009008884429932
20.5,24.0,1.1027026176452637
30.0,24.0,1.1045044660568237
28.6,24.0,1.1009008884429932
27.0,24.0,1.1045044660568237
22.5,24.0,1.1009008884429932
20.0,24.0,1.1027026176452637
18.4,24.0,1.1027026176452637
17.9,24.0,1.1027026176452637
24.4,24.0,1.1045044660568237
23.8,24.0,1.1045044660568237
20.5,24.0,1.1045044660568237
22.0,24.0,1.1027026176452637
23.8,24.0,1.1027026176452637
8.8,24.0,1.1027026176452637
16.2,24.0,1.1027026176452637
28.9,24.0,1.1027026176452637
20.5,24.0,1.1027026176452637
13.5,24.0,1.1027026176452637
16.2,24.0,1.1027026176452637
24.4,24.0,1.1027026176452637
